1 9501.58 -0.52
2 9501.44 0.57
3 9502.83 -1.09
4 9502.00 0.06
5 9495.99 -0.29
6 9498.92 -0.49
7 9502.83 0.82
8 9499.76 -0.57
9 9500.74 0.46
10 9496.69 -0.32
11 9502.83 -0.84
12 9500.60 1.21
13 9501.02 -0.49
14 9498.08 0.51
15 9498.78 -0.41
16 9501.58 -0.87
17 9503.67 0.87
18 9500.74 -0.24
19 9497.94 0.37
20 16.35 17.70
21 3.91 13.94
22 2.51 10.32
23 2.10 7.59
24 1.68 5.49
25 0.56 4.09
26 0.42 3.01
27 0.42 2.19
28 -0.14 1.65
29 -0.28 1.24
30 -0.56 0.98
31 -0.42 0.71
32 0.42 0.49
33 0.00 0.34
34 -0.70 0.32
35 0.56 0.15
36 -0.14 0.18
37 -0.14 0.12
38 0.42 0.08
39 -0.70 0.10
40 -0.84 0.09
41 -1.12 0.09
42 -0.14 0.01
43 0.84 -0.03
44 0.14 0.02
45 -0.14 0.02
46 -0.56 0.04
47 0.00 -0.04
48 0.84 -0.07
49 0.42 -0.01
50 0.98 -0.06
51 -0.42 0.01
52 0.14 -0.06
53 0.14 0.00
54 0.42 -0.07
55 0.42 -0.01
56 -1.12 -0.02
57 0.42 -0.05
58 -0.42 0.00
59 -1.12 0.06
60 0.98 -0.06
61 -0.84 0.08
62 -0.28 -0.00
63 0.00 -0.05
64 0.00 -0.00
65 -0.28 0.02
66 -0.14 0.03
67 -0.42 -0.02
68 0.00 -0.01
69 -0.28 0.01
70 0.28 -0.07
71 -0.14 0.04
72 0.00 0.00
73 0.14 -0.04
74 0.14 -0.02
75 -0.56 0.00
76 0.56 -0.06
77 0.00 -0.03
78 0.00 -0.01
79 0.28 -0.01
80 0.00 0.01
81 0.84 -0.02
82 0.28 -0.00
83 -0.28 -0.01
84 0.00 0.01
85 -0.14 -0.00
86 -0.42 -0.03
87 0.56 -0.04
88 0.56 -0.03
89 0.00 -0.02
90 1.12 -0.05
91 0.14 -0.02
92 0.14 0.00
93 -0.14 -0.01
94 0.56 -0.04
95 -0.28 0.02
96 -0.70 0.03
97 0.56 0.01
98 -0.42 -0.00
99 0.56 -0.06
100 -0.42 0.01
101 0.70 0.01
102 -0.28 -0.00
103 0.14 0.01
104 -0.42 -0.01
105 -0.70 0.02
106 0.56 -0.03
107 -0.28 -0.03
108 -0.28 -0.02
109 -0.42 0.02
110 0.14 0.01
111 -0.14 -0.00
112 -0.28 -0.00
113 -0.98 0.07
114 0.84 -0.05
115 0.00 -0.02
116 0.00 -0.02
117 -0.14 0.05
118 -0.42 0.02
119 0.56 -0.07
120 0.56 -0.05
121 -0.42 0.04
122 0.56 -0.07
123 0.84 -0.02
124 -0.42 0.14
125 0.00 -0.00
126 -0.70 0.01
127 0.00 0.00
128 -0.84 -0.00
129 -2.38 0.21
130 2.10 -0.06
131 -1.26 0.04
132 -0.28 0.03
133 -0.42 -0.01
134 -0.28 -0.02
135 2.51 -0.21
136 -1.12 0.12
137 -0.84 0.06
138 -1.68 0.09
139 -1.54 0.09
140 0.28 -0.07
141 -1.96 0.12
142 -1.12 0.08
143 -2.79 0.20
144 -0.98 0.11
145 -0.28 0.02
146 -1.12 0.12
147 -2.24 0.06
148 1.82 -0.20
149 0.42 -0.09
150 0.00 -0.08
151 -1.40 -0.03
152 0.00 0.12
153 0.42 0.01
154 -0.98 0.04
155 0.14 -0.07
156 0.42 -0.06
157 -1.82 0.09
158 -0.42 0.05
159 -0.42 0.04
160 0.28 -0.02
161 0.56 -0.05
162 0.98 -0.03
163 -0.42 0.01
164 0.14 -0.02
165 0.00 0.04
166 0.14 -0.04
167 0.14 -0.04
168 -0.14 0.00
169 0.00 0.02
170 0.42 -0.03
171 0.00 -0.02
172 0.28 -0.00
173 -1.12 0.04
174 -0.28 0.01
175 -0.42 -0.02
176 -0.56 0.03
177 0.00 -0.03
178 0.42 -0.02
179 -0.28 0.01
180 -0.14 0.00
181 0.14 -0.00
182 0.42 -0.06
183 0.14 0.02
184 0.42 0.06
185 0.28 -0.01
186 0.00 0.00
187 -0.98 0.02
188 0.14 -0.02
189 -0.14 0.02
190 -0.28 0.05
191 -0.28 0.02
192 0.42 -0.05
193 -0.28 0.02
194 0.00 -0.01
195 0.70 -0.03
196 0.14 -0.01
197 -0.56 0.03
198 0.28 -0.02
199 0.14 0.07
200 0.00 0.03
201 -0.56 0.00
202 0.14 -0.04
203 -0.56 0.06
204 0.28 0.00
205 -0.28 -0.02
206 -0.28 0.02
207 0.56 0.01
208 0.56 -0.02
209 0.00 -0.02
210 0.00 -0.02
211 -0.14 0.10
212 0.56 -0.04
213 0.28 -0.02
214 0.98 -0.07
215 -0.42 -0.00
216 -0.84 0.02
217 -0.42 0.00
218 0.70 -0.02
219 -0.28 0.02
220 -0.14 -0.01
221 0.14 0.00
222 -1.40 0.04
223 0.42 -0.00
224 0.00 0.00
225 -0.42 0.04
226 -0.42 0.00
227 -0.28 0.01
228 -1.54 0.06
229 0.42 0.00
230 1.40 -0.07
231 -0.28 0.04
232 -0.28 0.01
233 0.84 -0.01
234 -0.42 0.04
235 0.14 0.02
236 -0.14 0.02
237 0.00 -0.02
238 0.14 -0.02
239 0.00 0.03
240 -0.42 0.02
241 -0.14 0.02
242 0.00 -0.00
243 0.56 -0.04
244 -0.14 -0.03
245 0.14 -0.02
246 -0.28 0.05
247 0.14 -0.02
248 0.42 -0.02
249 -0.14 0.02
250 -0.28 0.02
251 0.00 -0.03
252 0.28 -0.03
253 -0.42 0.00
254 0.56 -0.01
255 0.00 -0.04
256 -0.56 -0.00
257 0.00 0.01
258 -0.42 -0.08
259 0.14 0.04
260 0.84 -0.04
261 -0.42 0.06
262 -0.28 0.01
263 0.56 -0.04
264 -0.28 0.02
265 -0.14 -0.02
266 0.00 -0.01
267 -0.28 0.02
268 0.00 -0.01
269 0.56 -0.02
270 -0.42 0.04
271 -0.70 0.03
272 -0.42 -0.02
273 -0.28 -0.01
274 -0.42 -0.00
275 -0.14 0.02
276 -0.28 -0.01
277 -0.14 0.02
278 -0.42 0.02
279 -0.56 0.05
280 1.40 -0.10
281 0.42 0.01
282 0.00 0.00
283 0.00 -0.05
284 -0.42 0.06
285 -0.14 0.05
286 -0.56 0.04
287 0.14 -0.00
288 -0.28 -0.01
289 -0.42 -0.01
290 -0.56 0.04
291 0.00 0.01
292 0.00 0.00
293 0.14 0.01
294 -0.28 0.02
295 0.28 -0.01
296 0.28 -0.04
297 0.84 0.00
298 1.12 -0.08
299 0.00 -0.02
300 -0.28 0.02
301 -0.42 -0.01
302 0.42 -0.02
303 0.14 -0.04
304 -0.14 0.04
305 0.70 -0.07
306 -0.84 0.08
307 0.00 0.01
308 -0.84 0.07
309 0.00 0.01
310 0.14 -0.02
311 0.00 0.00
312 -0.14 -0.02
313 -0.28 0.02
314 -0.14 -0.02
315 0.84 -0.04
316 -0.28 -0.02
317 -0.70 0.02
318 -0.28 0.02
319 -0.42 -0.03
320 -0.28 0.01
321 0.00 -0.00
322 -0.28 -0.02
323 -0.70 0.02
324 -0.56 -0.02
325 -0.70 0.04
326 0.14 -0.02
327 0.84 -0.05
328 -0.28 0.01
329 0.00 0.02
330 0.28 0.01
331 0.00 -0.01
332 0.00 -0.01
333 0.00 -0.00
334 0.84 -0.08
335 0.14 -0.03
336 -0.14 0.01
337 0.14 0.01
338 -0.28 -0.01
339 0.98 -0.10
340 0.56 -0.02
341 -0.14 0.02
342 -0.14 0.01
343 0.28 -0.00
344 0.42 -0.04
345 -0.70 0.04
346 0.98 -0.06
347 0.28 -0.04
348 0.00 -0.00
349 0.00 0.00
350 0.42 -0.09
351 0.28 -0.01
352 0.56 -0.04
353 0.42 0.01
354 -0.28 -0.02
355 -0.70 0.06
356 0.42 0.02
357 0.28 0.00
358 0.84 -0.04
359 -0.84 -0.04
360 0.00 -0.08
361 -0.56 0.02
362 -0.70 0.02
363 -0.28 0.03
364 -0.56 0.05
365 -0.14 -0.00
366 0.42 -0.03
367 0.00 0.02
368 0.14 0.02
369 0.14 -0.00
370 -0.70 0.01
371 0.42 -0.02
372 0.00 -0.02
373 -0.28 -0.00
374 0.14 -0.00
375 -0.14 -0.01
376 0.28 -0.03
377 0.00 0.02
378 -0.56 0.04
379 0.14 0.00
380 -0.28 0.04
381 -0.42 0.02
382 0.00 -0.00
383 0.00 0.01
384 0.14 -0.05
385 -0.14 0.00
386 0.56 -0.02
387 -0.28 0.02
388 0.14 -0.04
389 -0.42 0.04
390 0.14 -0.00
391 -0.14 0.00
392 0.28 -0.04
393 0.42 -0.04
394 0.56 -0.04
395 -0.28 -0.02
396 -0.14 -0.00
397 0.00 -0.03
398 0.14 0.02
399 -0.56 0.04
400 0.00 -0.03
401 0.14 -0.04
402 0.28 -0.04
403 -0.28 -0.03
404 0.56 -0.08
405 0.00 -0.03
406 -0.28 0.02
407 -0.28 0.01
408 0.14 -0.04
409 0.98 -0.08
410 -0.42 0.04
411 0.00 0.05
412 -0.84 0.04
413 -0.42 0.08
414 -0.14 0.00
415 0.14 -0.02
416 -0.28 0.00
417 0.14 0.01
418 -0.28 0.01
419 0.00 0.00
420 0.00 0.01
421 -0.42 0.00
422 0.14 -0.06
423 0.00 0.03
424 -0.56 0.03
425 0.56 -0.04
426 0.14 -0.02
427 -0.84 0.08
428 0.28 -0.04
429 -0.14 0.02
430 -0.28 0.02
431 0.84 -0.01
432 0.14 -0.02
433 -0.42 0.09
434 -0.28 0.06
435 1.12 -0.02
436 -0.56 0.06
437 -0.56 0.00
438 0.00 -0.02
439 -0.14 0.02
440 0.42 -0.03
441 0.28 0.00
442 0.42 -0.06
443 0.00 0.00
444 -0.28 0.00
445 0.56 -0.05
446 0.00 -0.02
447 0.00 -0.04
448 0.14 -0.02
449 -0.42 0.04
450 -0.14 -0.04
451 -0.14 -0.01
452 -0.42 0.05
453 -0.14 -0.00
454 0.28 -0.02
455 0.42 0.03
456 -0.56 0.04
457 -0.56 0.04
458 -0.28 0.02
459 0.14 -0.03
460 -0.42 0.06
461 0.00 0.01
462 -0.14 -0.01
463 0.56 -0.02
464 -0.42 0.02
465 -0.28 0.04
466 -0.28 0.03
467 -0.70 0.02
468 0.56 -0.07
469 -0.56 0.00
470 0.42 -0.05
471 -0.70 0.02
472 -0.56 0.04
473 0.00 -0.02
474 -0.56 0.04
475 -0.14 0.03
476 -0.42 -0.00
477 -0.28 0.00
478 0.28 -0.04
479 0.00 0.02
480 -0.28 -0.04
481 -0.14 0.02
482 -0.70 0.02
483 -0.28 0.03
484 0.42 0.03
485 -0.56 0.03
486 -0.14 0.01
487 -0.28 0.03
488 -0.28 -0.02
489 0.42 -0.02
490 -0.70 0.05
491 -0.70 0.02
492 0.42 -0.04
493 0.00 -0.03
494 -0.28 0.05
495 -0.42 0.04
496 0.42 -0.02
497 -0.42 0.02
498 0.42 0.00
499 -0.70 0.00
500 -0.28 0.04
501 0.00 -0.00
502 0.14 0.01
503 -0.14 -0.00
504 -0.14 0.04
505 0.00 -0.02
506 0.00 -0.02
507 0.42 -0.01
508 -0.42 0.01
509 -0.14 0.00
510 0.56 -0.04
511 0.00 -0.02
512 0.14 0.00
513 -0.56 0.02
514 0.14 -0.03
515 0.14 0.02
516 0.00 0.04
517 -0.42 0.01
518 -0.42 0.03
519 -0.42 -0.02
520 -0.42 0.04
521 0.28 -0.03
522 1.26 -0.10
523 0.14 -0.02
524 0.98 -0.02
525 0.14 0.03
526 0.00 0.02
527 0.42 -0.01
528 -0.14 -0.03
529 -0.70 0.05
530 0.42 -0.06
531 -0.28 0.02
532 -0.42 0.02
533 -0.70 0.04
534 -0.28 -0.00
535 -0.14 0.02
536 -0.14 0.00
537 -0.42 0.02
538 -0.14 -0.01
539 0.28 -0.03
540 0.28 -0.04
541 -0.14 0.03
542 0.14 -0.04
543 0.42 -0.01
544 0.56 -0.04
545 -0.56 0.06
546 0.14 0.03
547 -0.42 0.02
548 -0.28 0.01
549 0.14 -0.02
550 0.28 0.00
551 0.14 -0.01
552 -0.56 0.04
553 -0.42 -0.00
554 0.42 -0.03
555 -0.28 -0.01
556 -0.56 0.02
557 0.14 0.03
558 -0.28 0.02
559 -0.14 0.00
560 0.14 -0.01
561 -0.42 0.03
562 -0.42 0.02
563 -0.28 -0.02
564 0.14 -0.03
565 0.00 -0.01
566 -0.28 -0.01
567 0.28 -0.03
568 -0.14 -0.00
569 0.14 0.02
570 0.42 -0.04
571 -0.28 0.00
572 -0.42 0.01
573 0.00 0.00
574 -0.70 0.05
575 0.14 -0.02
576 -0.28 0.02
577 0.98 -0.09
578 0.28 -0.05
579 0.70 0.00
580 0.84 -0.03
581 -0.70 0.06
582 -0.56 0.03
583 0.14 -0.01
584 0.00 -0.03
585 0.84 -0.04
586 0.28 -0.04
587 0.14 -0.05
588 -0.28 0.00
589 0.56 -0.05
590 0.00 -0.01
591 0.28 -0.04
592 0.28 0.00
593 0.42 -0.01
594 0.28 -0.04
595 -0.14 0.04
596 -0.28 -0.01
597 -0.14 0.03
598 0.28 0.00
599 -0.14 -0.02
600 0.00 0.00
601 -0.14 0.01
602 0.14 0.01
603 -0.14 -0.00
604 -0.28 0.03
605 -0.70 -0.01
606 0.14 -0.01
607 -0.28 -0.00
608 0.00 -0.02
609 0.00 0.00
610 -0.42 0.02
611 -0.42 0.03
612 -0.42 -0.01
613 0.14 -0.02
614 -0.28 -0.04
615 0.14 0.00
616 -0.42 0.01
617 -0.14 0.02
618 0.00 0.00
619 -0.42 0.01
620 0.00 -0.00
621 0.00 -0.01
622 -0.28 0.02
623 -0.84 0.04
624 -0.84 0.05
625 -0.28 0.00
626 -0.84 0.01
627 0.00 0.00
628 -0.28 0.00
629 0.56 -0.03
630 0.84 -0.05
631 0.84 -0.03
632 0.42 -0.00
633 -0.28 0.02
634 -0.42 0.02
635 0.56 -0.02
636 0.28 -0.02
637 -0.70 0.03
638 0.00 0.00
639 0.14 -0.02
640 -0.42 0.03
641 -0.14 0.01
642 -0.56 -0.01
643 -0.70 0.02
644 0.00 0.00
645 -0.42 0.06
646 -0.56 -0.03
647 -0.56 0.02
648 0.14 -0.04
649 0.14 -0.06
650 0.00 -0.00
651 0.42 0.01
652 0.42 -0.06
653 0.28 -0.03
654 0.00 -0.06
655 -0.14 -0.00
656 0.56 -0.04
657 0.14 0.00
658 0.42 -0.01
659 0.14 -0.02
660 -0.14 0.00
661 0.42 -0.03
662 0.84 -0.04
663 0.14 -0.01
664 -0.70 0.02
665 -0.70 0.01
666 0.56 -0.08
667 -0.70 0.02
668 0.42 -0.02
669 -0.14 -0.00
670 -0.14 0.05
671 -0.42 0.03
672 -0.28 0.02
673 0.00 0.01
674 -0.14 0.03
675 -0.70 0.02
676 0.98 -0.00
677 -0.28 -0.04
678 0.00 0.02
679 -0.14 0.04
680 -0.14 0.03
681 0.14 -0.01
682 0.56 -0.02
683 0.42 -0.06
684 0.14 0.02
685 -0.42 0.02
686 -0.42 0.03
687 0.00 -0.02
688 0.00 -0.03
689 -0.70 0.02
690 0.14 0.01
691 -0.56 0.02
692 0.56 -0.03
693 0.00 -0.01
694 0.14 0.02
695 0.14 -0.00
696 -0.28 0.02
697 0.14 0.00
698 -0.56 0.01
699 -0.42 0.04
700 -1.26 0.08
701 -0.42 0.02
702 -0.56 0.03
703 0.00 0.02
704 -0.70 0.00
705 0.28 -0.03
706 -0.28 0.01
707 0.42 -0.04
708 0.56 0.01
709 -0.42 0.02
710 -0.70 0.04
711 0.28 -0.02
712 -0.28 -0.03
713 -0.28 0.01
714 0.56 -0.06
715 -0.42 -0.00
716 -0.84 0.04
717 -0.42 0.02
718 0.42 -0.04
719 0.00 -0.02
720 -0.42 0.04
721 0.00 0.00
722 -0.28 0.02
723 -0.42 -0.02
724 0.56 -0.06
725 0.56 -0.09
726 0.14 -0.02
727 0.42 -0.02
728 0.00 0.01
729 -0.42 0.02
730 0.00 -0.02
731 0.00 0.02
732 -1.26 0.08
733 -1.26 0.08
734 -0.84 0.04
735 0.42 -0.03
736 -0.28 -0.02
737 0.56 -0.03
738 -0.84 0.03
739 -0.14 -0.06
740 -0.98 0.06
741 0.14 -0.02
742 -0.42 0.02
743 0.28 -0.00
744 -0.42 0.02
745 0.14 0.01
746 0.14 -0.02
747 -0.28 0.02
748 -0.28 0.02
749 -0.70 0.04
750 -1.12 0.09
751 0.56 -0.02
752 -0.14 0.00
753 0.00 -0.01
754 0.56 -0.04
755 0.56 -0.02
756 -0.14 0.01
757 0.28 0.00
758 -0.84 0.06
759 -0.14 -0.01
760 0.00 -0.00
761 0.14 -0.04
762 0.00 0.02
763 0.00 0.01
764 -0.14 0.03
765 -0.28 -0.00
766 -0.70 0.06
767 -0.56 -0.00
768 -0.28 0.02
769 0.56 -0.05
770 -0.28 0.03
771 -0.42 0.06
772 -0.14 0.00
773 0.70 -0.07
774 -0.70 0.03
775 0.00 0.05
776 0.00 0.04
777 -0.28 0.04
778 0.14 -0.02
779 -0.28 0.01
780 0.42 -0.02
781 0.42 0.02
782 0.70 -0.08
783 0.14 -0.01
784 -0.14 0.04
785 -0.84 0.06
786 -0.56 0.03
787 0.00 -0.04
788 -0.28 0.02
789 -0.28 0.01
790 0.00 -0.01
791 0.00 0.00
792 -0.70 0.06
793 0.70 -0.04
794 0.14 -0.00
795 -0.14 -0.02
796 0.28 0.00
797 0.00 -0.01
798 -0.28 0.01
799 -0.98 0.07
800 -0.84 0.06
801 0.14 -0.03
802 0.00 0.01
803 0.42 -0.05
804 0.28 0.01
805 -0.28 0.04
806 -0.28 -0.00
807 -0.14 -0.00
808 0.00 -0.00
809 -0.56 0.04
810 0.14 -0.02
811 -0.28 -0.02
812 -1.26 0.06
813 0.14 -0.01
814 0.14 -0.04
815 -0.56 0.00
816 -0.42 -0.04
817 0.42 -0.02
818 -0.14 -0.02
819 -0.56 0.02
820 0.42 -0.02
821 0.14 -0.00
822 -0.42 0.04
823 -0.14 0.00
824 -0.42 -0.00
825 0.14 0.06
826 0.00 -0.01
827 -0.42 0.05
828 0.98 -0.02
829 0.84 -0.08
830 -0.42 0.05
831 -0.42 0.06
832 -0.14 -0.00
833 0.14 0.02
834 0.42 -0.08
835 0.28 -0.00
836 -0.14 0.01
837 0.00 0.02
838 0.00 -0.01
839 0.42 -0.04
840 -0.56 0.05
841 -0.42 0.06
842 0.42 -0.00
843 0.00 0.01
844 -0.70 0.04
845 -0.70 0.07
846 -0.98 0.03
847 0.14 -0.03
848 0.00 -0.00
849 0.00 -0.00
850 -0.14 -0.01
851 -0.28 0.02
852 0.56 0.04
853 0.28 -0.02
854 -0.28 -0.02
855 0.28 -0.02
856 -0.56 0.04
857 2.10 -0.06
858 0.56 -0.04
859 0.00 -0.02
860 -0.42 0.02
861 1.12 -0.08
862 0.00 -0.02
863 0.14 0.03
864 -0.42 0.03
865 0.70 -0.06
866 0.14 -0.02
867 -0.98 0.08
868 0.00 0.02
869 -0.14 -0.04
870 0.14 -0.02
871 0.42 -0.04
872 0.28 -0.04
873 0.14 0.04
874 0.14 -0.01
875 -0.70 0.03
876 0.14 -0.01
877 -0.84 -0.01
878 -0.28 0.04
879 0.70 -0.02
880 0.00 -0.04
881 -0.14 -0.02
882 0.14 -0.01
883 0.42 0.02
884 -0.28 -0.01
885 -0.42 0.04
886 0.28 -0.04
887 0.00 -0.04
888 -0.56 0.06
889 0.14 0.01
890 0.70 -0.02
891 0.84 -0.10
892 0.28 0.04
893 0.84 -0.05
894 -0.28 -0.02
895 -0.42 0.02
896 -0.28 0.00
897 -0.84 0.01
898 -0.28 -0.01
899 -0.28 -0.03
900 -0.42 0.04
901 -0.28 0.01
902 -0.42 0.02
903 0.42 -0.01
904 0.00 -0.02
905 -0.42 0.02
906 0.14 0.00
907 -0.14 -0.02
908 0.42 -0.01
909 -0.14 -0.01
910 -0.28 -0.02
911 -1.26 0.03
912 -1.12 0.08
913 -0.42 -0.05
914 -0.56 -0.03
915 0.00 -0.02
916 -0.70 0.00
917 -0.28 -0.00
918 -0.28 0.04
919 0.14 -0.02
920 0.00 0.03
921 0.00 -0.08
922 -0.56 0.04
923 0.00 0.02
924 0.00 -0.04
925 -0.14 -0.04
926 0.14 -0.04
927 -0.42 0.02
928 0.84 -0.06
929 0.28 -0.01
930 0.00 0.05
931 -0.42 0.00
932 -0.14 -0.00
933 -0.70 0.08
934 -0.42 -0.02
935 -0.56 0.05
936 -0.28 -0.00
937 -0.28 -0.02
938 0.14 -0.04
939 -0.28 0.04
940 0.14 0.03
941 0.00 0.01
942 -0.14 0.02
943 0.14 -0.01
944 0.14 -0.02
945 -0.14 -0.02
946 0.14 -0.07
947 0.14 -0.05
948 0.42 -0.01
949 -0.28 -0.01
950 -0.28 -0.01
951 0.14 0.00
952 0.42 -0.02
953 -0.14 0.02
954 0.14 -0.02
955 -0.42 -0.00
956 0.00 -0.02
957 0.00 0.01
958 -0.42 0.00
959 -0.28 0.02
960 0.00 -0.01
961 1.26 0.12
962 -0.42 0.04
963 -0.28 0.03
964 0.00 -0.02
965 -0.70 0.03
966 -0.56 0.03
967 0.00 0.00
968 -0.14 -0.02
969 -0.14 0.02
970 0.84 -0.02
971 0.84 -0.03
972 -0.42 0.06
973 0.14 -0.01
974 0.42 -0.04
975 0.14 -0.02
976 0.28 -0.00
977 -0.84 0.06
978 0.00 0.01
979 -1.12 0.01
980 -0.28 0.02
981 -0.84 0.08
982 -0.28 0.02
983 -0.14 0.01
984 0.28 -0.02
985 0.00 -0.02
986 -0.14 0.02
987 0.42 -0.04
988 0.00 0.00
989 0.56 -0.04
990 0.14 -0.02
991 0.00 -0.02
992 -0.42 0.05
993 0.28 -0.06
994 -0.42 0.03
995 -0.98 0.04
996 -0.84 0.04
997 -0.84 0.09
998 0.84 -0.03
999 0.14 0.04
1000 -0.14 -0.00
1001 0.98 0.02
1002 -0.28 0.06
1003 0.14 -0.03
1004 -0.28 -0.00
1005 -0.28 0.01
1006 -0.14 -0.02
1007 -0.28 0.04
1008 -0.28 0.02
1009 0.00 0.02
1010 0.56 -0.00
1011 -0.56 0.02
1012 0.00 0.02
1013 0.28 0.01
1014 -0.28 0.01
1015 0.70 -0.06
1016 -0.56 0.00
1017 -0.28 0.05
1018 -0.42 -0.01
1019 1.40 -0.10
1020 -0.14 -0.00
1021 0.56 -0.03
1022 -0.14 0.04
1023 -0.28 0.01
1024 0.14 0.00
1025 -0.42 0.04
1026 -0.42 0.02
1027 0.28 -0.02
1028 0.56 -0.03
1029 0.56 -0.00
1030 0.42 -0.02
1031 -0.70 0.06
1032 0.14 0.03
1033 0.14 0.03
1034 -0.42 -0.00
1035 0.00 -0.06
1036 -0.28 -0.04
1037 0.14 0.01
1038 0.28 0.05
1039 -0.70 0.01
1040 0.42 -0.06
1041 -0.56 0.08
1042 -0.42 0.06
1043 -0.70 0.03
1044 0.00 0.00
1045 -0.14 -0.02
1046 -0.14 -0.01
1047 0.42 -0.06
1048 -0.56 -0.02
1049 -0.42 0.04
1050 0.42 -0.05
1051 -0.56 0.04
1052 -0.42 0.04
1053 -0.56 0.02
1054 0.56 0.02
1055 0.70 -0.07
1056 0.00 -0.02
1057 -0.42 -0.01
1058 0.28 -0.04
1059 0.00 0.00
1060 0.98 -0.06
1061 0.84 -0.05
1062 0.00 0.02
1063 0.14 0.04
1064 0.70 -0.06
1065 -0.14 -0.06
1066 -0.42 0.02
1067 0.70 -0.07
1068 0.42 -0.04
1069 -0.28 0.02
1070 -0.28 0.03
1071 -0.56 0.03
1072 -0.84 0.08
1073 -0.70 0.02
1074 0.42 -0.02
1075 -0.28 0.02
1076 0.42 -0.07
1077 -0.14 0.03
1078 0.00 0.02
1079 0.56 -0.02
1080 -0.42 0.01
1081 0.56 0.02
1082 -0.70 0.04
1083 0.42 -0.06
1084 0.14 -0.02
1085 -0.28 0.02
1086 -0.14 -0.02
1087 0.14 -0.02
1088 -0.28 0.03
1089 0.42 -0.05
1090 0.42 0.01
1091 0.14 -0.00
1092 -0.70 0.01
1093 -0.84 0.06
1094 -0.56 0.04
1095 -0.42 0.00
1096 -0.42 0.04
1097 -0.84 0.07
1098 0.14 0.01
1099 0.56 -0.06
1100 0.14 0.03
1101 -0.28 0.04
1102 -0.70 0.00
1103 -0.28 0.05
1104 -0.98 0.05
1105 -0.28 0.00
1106 -0.28 0.02
1107 -0.14 -0.03
1108 -0.42 0.02
1109 -0.98 0.06
1110 0.00 0.04
1111 0.14 -0.02
1112 -0.28 -0.01
1113 -0.42 0.01
1114 -0.70 0.05
1115 -0.70 0.02
1116 0.42 -0.01
1117 0.14 0.00
1118 0.00 -0.00
1119 0.84 -0.04
1120 -0.14 0.00
1121 -0.14 -0.02
1122 -0.56 0.03
1123 -0.28 0.04
1124 -0.56 0.06
1125 -0.84 0.06
1126 0.56 -0.06
1127 0.28 0.02
1128 -0.70 0.00
1129 -0.28 0.02
1130 -0.42 0.03
1131 -0.14 0.01
1132 -0.42 0.06
1133 -0.28 0.03
1134 -0.28 0.01
1135 0.28 -0.00
1136 -0.70 0.04
1137 0.14 -0.02
1138 -0.14 -0.02
1139 -0.56 -0.02
1140 0.14 0.05
1141 0.70 -0.06
1142 0.98 -0.05
1143 0.42 -0.06
1144 -0.28 0.02
1145 0.14 -0.04
1146 -0.98 0.06
1147 0.56 -0.04
1148 -0.28 0.02
1149 0.00 -0.02
1150 0.00 -0.06
1151 0.56 -0.03
1152 0.00 0.01
1153 0.42 -0.00
1154 0.70 -0.00
1155 -0.28 0.06
1156 -0.56 0.03
1157 -0.84 0.05
1158 0.14 -0.01
1159 0.28 0.00
1160 -0.14 -0.05
1161 0.28 -0.04
1162 -0.42 0.01
1163 -0.70 0.03
1164 -0.14 -0.01
1165 -0.28 0.00
1166 0.56 -0.06
1167 -0.70 0.10
1168 0.56 -0.04
1169 -0.28 0.04
1170 0.14 0.02
1171 0.70 -0.04
1172 -0.56 0.05
1173 0.00 0.04
1174 -0.28 0.03
1175 -0.56 0.02
1176 0.42 -0.04
1177 0.14 -0.02
1178 -1.12 0.05
1179 0.56 -0.06
1180 -0.56 -0.02
1181 -0.42 0.04
1182 0.70 -0.03
1183 0.00 -0.04
1184 0.14 0.02
1185 -0.14 0.00
1186 0.14 -0.02
1187 -0.14 0.00
1188 0.42 -0.06
1189 -0.28 0.04
1190 0.28 -0.03
1191 -0.84 0.04
1192 -0.70 -0.02
1193 0.28 0.02
1194 0.00 0.02
1195 -0.28 0.00
1196 0.00 0.00
1197 -0.14 -0.03
1198 -0.42 0.01
1199 1.96 -0.14
1200 0.56 -0.04
1201 -0.42 0.03
1202 -0.56 0.01
1203 0.84 -0.04
1204 -0.70 0.02
1205 -0.14 -0.02
1206 0.00 -0.05
1207 0.42 0.04
1208 -0.42 0.04
1209 -0.42 0.06
1210 0.28 -0.03
1211 0.84 -0.06
1212 0.00 0.02
1213 0.14 -0.00
1214 0.14 0.02
1215 1.12 -0.09
1216 0.14 -0.03
1217 0.28 -0.00
1218 0.28 -0.01
1219 -0.28 0.01
1220 0.00 0.02
1221 0.42 -0.07
1222 0.70 -0.05
1223 0.00 0.00
1224 0.14 0.00
1225 0.00 0.05
1226 0.00 0.03
1227 0.00 -0.00
1228 0.56 -0.04
1229 0.00 -0.00
1230 -0.14 0.02
1231 0.14 -0.04
1232 -0.28 0.03
1233 -0.28 0.05
1234 0.56 -0.01
1235 -0.42 0.02
1236 0.00 -0.02
1237 -0.14 0.02
1238 0.56 -0.01
1239 -0.70 -0.01
1240 -0.42 0.03
1241 0.00 0.01
1242 0.56 -0.06
1243 -0.42 -0.02
1244 0.14 -0.04
1245 -0.70 -0.01
1246 0.00 0.02
1247 0.00 -0.03
1248 -0.42 -0.02
1249 0.14 -0.06
1250 0.00 0.02
1251 0.56 0.01
1252 0.00 -0.02
1253 0.00 0.00
1254 -0.28 0.02
1255 -0.14 0.01
1256 -0.42 -0.00
1257 0.56 -0.04
1258 0.70 -0.04
1259 0.14 0.04
1260 0.42 -0.02
1261 0.00 -0.02
1262 0.00 -0.04
1263 -0.70 -0.00
1264 0.00 0.01
1265 0.14 0.06
1266 -0.42 0.02
1267 -0.28 0.03
1268 0.14 0.00
1269 0.14 -0.07
1270 -0.56 0.05
1271 -0.42 0.00
1272 -0.42 0.02
1273 -1.26 0.04
1274 -0.98 0.03
1275 0.00 -0.07
1276 0.28 -0.01
1277 -0.14 0.01
1278 -0.70 0.05
1279 0.00 0.02
1280 -0.14 -0.00
1281 0.28 0.00
1282 -0.42 -0.00
1283 -0.28 -0.02
1284 0.56 -0.02
1285 0.00 -0.03
1286 0.14 0.01
1287 -0.14 0.06
1288 0.56 -0.06
1289 -0.28 0.02
1290 0.98 -0.06
1291 -0.56 -0.02
1292 0.14 -0.03
1293 0.00 -0.03
1294 -0.70 0.08
1295 -0.14 -0.00
1296 0.98 -0.08
1297 0.42 -0.06
1298 -0.56 -0.02
1299 0.56 -0.00
1300 -0.42 0.02
1301 0.28 -0.07
1302 0.00 -0.02
1303 -0.42 -0.00
1304 -0.14 -0.00
1305 0.28 -0.00
1306 0.14 0.02
1307 0.00 -0.04
1308 0.42 -0.02
1309 0.28 -0.00
1310 -0.28 0.03
1311 -0.28 0.02
1312 0.42 -0.00
1313 0.00 -0.03
1314 -0.28 0.02
1315 -0.56 -0.02
1316 0.28 -0.01
1317 -0.28 0.03
1318 -0.56 -0.00
1319 -0.28 0.06
1320 -0.84 0.06
1321 0.42 0.02
1322 0.00 -0.00
1323 -0.42 -0.02
1324 -0.42 -0.02
1325 -0.14 -0.02
1326 0.14 -0.04
1327 -0.42 -0.02
1328 -0.84 0.02
1329 -1.26 0.07
1330 0.42 -0.08
1331 -0.42 0.03
1332 0.00 0.03
1333 -0.42 -0.00
1334 0.00 0.00
1335 0.28 -0.00
1336 0.56 -0.05
1337 0.00 -0.01
1338 0.00 -0.01
1339 0.42 -0.04
1340 0.00 0.03
1341 -0.42 0.02
1342 -0.84 0.02
1343 0.56 -0.06
1344 0.14 -0.01
1345 -0.70 0.06
1346 -0.70 0.05
1347 -0.28 -0.03
1348 0.14 0.02
1349 -0.28 -0.02
1350 0.28 -0.02
1351 0.84 -0.02
1352 -0.42 0.02
1353 -0.42 -0.05
1354 0.00 -0.01
1355 -0.56 0.02
1356 -0.56 0.04
1357 0.00 0.00
1358 -0.28 -0.00
1359 0.28 -0.03
1360 0.28 0.03
1361 0.14 -0.01
1362 -0.28 -0.01
1363 0.56 -0.04
1364 -0.84 0.06
1365 -0.42 0.03
1366 -0.42 -0.04
1367 -0.14 -0.02
1368 -0.84 -0.03
1369 0.42 -0.03
1370 0.00 0.04
1371 0.56 0.01
1372 -0.14 0.00
1373 -0.14 -0.01
1374 -0.42 0.04
1375 -0.28 0.00
1376 -0.28 -0.05
1377 -0.56 0.06
1378 0.14 -0.02
1379 -0.14 0.02
1380 0.98 -0.08
1381 0.00 0.03
1382 0.42 -0.04
1383 -0.28 0.02
1384 -0.42 0.02
1385 -0.14 -0.03
1386 0.00 -0.00
1387 0.98 -0.08
1388 0.14 -0.01
1389 0.28 -0.04
1390 -0.14 0.06
1391 -0.28 -0.02
1392 0.42 -0.05
1393 -0.28 -0.00
1394 0.42 -0.01
1395 -0.70 0.04
1396 0.00 0.02
1397 -0.28 0.02
1398 0.28 -0.06
1399 -0.42 -0.01
1400 -0.42 0.03
1401 0.42 -0.03
1402 0.28 -0.04
1403 0.28 -0.01
1404 -0.42 0.04
1405 -0.14 0.02
1406 -0.14 0.02
1407 -0.56 0.04
1408 -0.28 0.02
1409 -0.42 0.05
1410 0.00 -0.02
1411 0.00 -0.00
1412 0.56 -0.02
1413 -0.14 -0.01
1414 0.28 -0.04
1415 0.14 -0.01
1416 0.00 -0.02
1417 0.00 -0.02
1418 0.14 0.02
1419 -0.28 -0.03
1420 -0.14 0.01
1421 0.14 -0.00
1422 -0.28 0.02
1423 0.00 -0.03
1424 -0.28 0.01
1425 -0.28 0.02
1426 -0.56 0.03
1427 -0.42 -0.02
1428 -0.70 0.08
1429 0.00 -0.05
1430 0.14 -0.06
1431 0.14 -0.01
1432 -0.28 -0.04
1433 0.00 -0.03
1434 0.14 0.01
1435 0.00 0.01
1436 0.42 -0.02
1437 0.14 -0.00
1438 -0.28 0.03
1439 -0.28 -0.04
1440 -0.42 -0.00
1441 -0.56 0.00
1442 -0.56 0.04
1443 0.56 -0.02
1444 -0.28 0.04
1445 -0.42 -0.01
1446 -0.70 0.03
1447 -0.70 0.02
1448 0.42 0.01
1449 0.14 -0.02
1450 0.70 -0.08
1451 0.14 0.01
1452 -0.28 0.00
1453 -0.42 -0.00
1454 -0.42 -0.02
1455 -0.14 -0.00
1456 0.14 -0.02
1457 0.00 0.02
1458 -0.28 -0.02
1459 0.28 -0.05
1460 -0.14 -0.01
1461 0.00 -0.01
1462 0.14 -0.04
1463 0.56 0.00
1464 0.14 -0.04
1465 -0.14 0.02
1466 -0.14 0.01
1467 -0.28 0.05
1468 0.14 0.02
1469 0.42 -0.02
1470 0.98 -0.08
1471 -0.70 0.05
1472 0.56 -0.03
1473 0.70 -0.04
1474 0.00 -0.02
1475 -0.28 0.03
1476 0.84 -0.03
1477 0.14 0.01
1478 0.56 -0.02
1479 0.42 -0.01
1480 -0.28 0.06
1481 -0.14 0.04
1482 0.00 0.03
1483 -0.14 0.04
1484 0.14 -0.04
1485 0.14 0.03
1486 0.28 -0.06
1487 0.28 -0.03
1488 0.00 0.02
1489 0.14 -0.00
1490 -0.28 0.00
1491 0.14 -0.04
1492 -0.14 -0.01
1493 0.56 -0.04
1494 -0.70 -0.02
1495 -0.14 -0.02
1496 0.14 -0.02
1497 0.56 -0.05
1498 0.14 0.02
1499 0.42 -0.02
1500 -0.42 0.01
1501 -0.28 -0.01
1502 -0.14 0.03
1503 -0.56 0.01
1504 -0.42 0.02
1505 -0.56 0.00
1506 0.42 -0.05
1507 -0.14 0.04
1508 0.56 -0.04
1509 -0.42 0.02
1510 -0.70 0.02
1511 -0.28 0.01
1512 0.14 0.01
1513 -0.42 0.02
1514 0.00 -0.07
1515 0.70 -0.07
1516 0.56 -0.06
1517 -0.42 0.00
1518 0.00 0.00
1519 0.56 0.01
1520 0.14 -0.06
1521 -1.26 0.07
1522 -0.14 -0.04
1523 0.70 -0.07
1524 -0.98 0.00
1525 0.14 -0.06
1526 0.14 0.02
1527 -0.42 0.00
1528 0.98 -0.07
1529 -0.42 0.06
1530 -0.14 0.04
1531 -0.56 0.08
1532 0.42 -0.02
1533 0.56 -0.04
1534 -0.70 0.05
1535 0.56 -0.06
1536 -0.70 0.03
1537 -0.42 0.03
1538 0.00 0.00
1539 0.00 -0.02
1540 -0.42 0.01
1541 0.42 -0.00
1542 0.14 0.00
1543 -0.28 0.02
1544 0.42 0.04
1545 -0.56 0.02
1546 0.56 -0.06
1547 0.00 -0.04
1548 -0.14 -0.03
1549 -0.70 0.07
1550 -0.14 0.01
1551 0.70 -0.05
1552 0.00 -0.03
1553 0.28 -0.08
1554 -0.70 0.06
1555 -0.84 0.07
1556 -0.28 -0.06
1557 0.28 0.00
1558 -0.42 0.04
1559 -0.14 0.04
1560 0.14 0.00
1561 -0.84 0.09
1562 0.28 0.04
1563 0.70 0.02
1564 0.28 0.01
1565 0.42 -0.07
1566 0.70 -0.06
1567 0.14 -0.01
1568 -0.84 0.02
1569 0.56 -0.06
1570 0.42 -0.04
1571 -0.42 -0.01
1572 0.14 -0.04
1573 -0.42 0.02
1574 0.00 -0.02
1575 0.14 -0.00
1576 0.14 -0.00
1577 -0.14 0.01
1578 0.14 -0.05
1579 -0.70 0.06
1580 -0.42 0.01
1581 0.00 -0.01
1582 -0.56 0.02
1583 -0.28 -0.02
1584 0.42 -0.03
1585 0.00 0.03
1586 -0.70 0.08
1587 0.14 0.02
1588 0.14 0.02
1589 -0.84 0.04
1590 0.28 0.01
1591 0.42 -0.05
1592 0.42 -0.01
1593 -0.42 0.03
1594 -0.28 -0.04
1595 0.56 -0.01
1596 -0.42 -0.06
1597 -0.28 -0.03
1598 0.28 -0.08
1599 0.56 -0.06
1600 0.14 -0.04
1601 -0.56 0.03
1602 -0.14 0.02
1603 0.00 0.04
1604 0.42 -0.02
1605 -0.28 0.02
1606 0.84 -0.06
1607 0.00 -0.01
1608 -0.14 0.02
1609 0.00 0.02
1610 -0.28 -0.01
1611 -0.56 0.04
1612 -0.42 0.02
1613 -0.14 -0.01
1614 0.00 -0.02
1615 0.00 0.01
1616 -0.28 -0.00
1617 0.56 -0.02
1618 -0.56 0.04
1619 0.14 -0.00
1620 0.42 -0.01
1621 -0.28 0.03
1622 0.14 0.02
1623 -0.42 0.02
1624 -0.28 0.04
1625 -0.14 -0.02
1626 0.14 0.06
1627 -0.14 0.02
1628 -0.28 0.00
1629 0.00 0.04
1630 -0.28 0.00
1631 0.42 0.01
1632 0.42 -0.08
1633 -1.12 0.06
1634 0.70 -0.06
1635 -0.14 -0.01
1636 0.42 -0.01
1637 0.00 0.02
1638 -0.28 0.02
1639 0.84 -0.02
1640 -0.42 0.02
1641 0.56 -0.01
1642 -0.42 0.06
1643 -0.14 -0.01
1644 -0.14 0.04
1645 0.00 -0.03
1646 0.00 -0.01
1647 -0.28 -0.01
1648 0.42 -0.09
1649 -0.28 -0.02
1650 0.56 -0.05
1651 0.14 0.00
1652 0.70 -0.08
1653 -0.84 0.04
1654 -0.28 -0.00
1655 0.28 -0.07
1656 0.00 -0.02
1657 0.14 -0.01
1658 -0.14 -0.00
1659 -0.14 0.02
1660 -0.14 0.02
1661 -0.28 0.05
1662 0.14 0.07
1663 -0.42 0.00
1664 -0.28 0.02
1665 -0.42 0.02
1666 0.70 -0.02
1667 0.28 -0.01
1668 -0.28 -0.01
1669 0.56 0.01
1670 -0.42 0.04
1671 0.56 -0.01
1672 -0.14 -0.02
1673 -0.28 0.01
1674 0.42 -0.02
1675 -0.70 0.04
1676 -0.14 -0.01
1677 -0.14 -0.00
1678 0.14 -0.04
1679 0.42 -0.02
1680 0.14 0.02
1681 -0.14 0.01
1682 -0.42 0.00
1683 -0.28 -0.01
1684 -0.14 0.00
1685 0.70 -0.05
1686 -0.14 0.04
1687 0.00 0.02
1688 0.28 -0.02
1689 -0.70 0.03
1690 0.14 -0.01
1691 0.98 -0.04
1692 -0.28 0.03
1693 0.14 -0.02
1694 0.14 -0.02
1695 -0.28 0.03
1696 0.00 -0.00
1697 0.14 0.00
1698 0.14 0.00
1699 -0.98 0.01
1700 0.14 -0.02
1701 0.00 -0.02
1702 0.00 0.02
1703 0.14 -0.06
1704 -0.84 0.08
1705 -0.42 -0.01
1706 0.00 -0.00
1707 0.14 -0.00
1708 -0.84 0.03
1709 0.70 -0.02
1710 -0.28 0.02
1711 -0.56 0.01
1712 0.42 -0.05
1713 -0.14 0.02
1714 -0.28 0.02
1715 0.42 -0.04
1716 -0.56 0.02
1717 0.00 -0.00
1718 -0.28 0.02
1719 -1.26 0.10
1720 -0.56 0.01
1721 0.42 -0.06
1722 -0.70 0.08
1723 0.84 -0.08
1724 -0.42 0.03
1725 0.42 -0.02
1726 -0.14 0.06
1727 0.00 0.01
1728 -0.42 0.06
1729 -0.14 -0.00
1730 0.28 -0.08
1731 -0.14 -0.01
1732 0.14 0.00
1733 0.00 0.00
1734 0.28 0.00
1735 -0.28 -0.01
1736 0.28 0.02
1737 0.14 0.02
1738 0.00 -0.01
1739 0.00 -0.01
1740 0.00 -0.04
1741 -0.84 0.02
1742 -0.14 -0.02
1743 0.14 -0.04
1744 -0.42 0.01
1745 -0.42 0.03
1746 0.28 0.01
1747 -0.56 0.01
1748 0.14 -0.02
1749 0.00 -0.04
1750 -0.28 0.02
1751 -0.14 -0.03
1752 0.84 -0.06
1753 -0.14 0.00
1754 -0.56 0.03
1755 0.42 -0.02
1756 -0.28 -0.00
1757 -0.42 0.01
1758 -0.14 0.04
1759 0.14 -0.02
1760 0.14 0.00
1761 -0.56 0.04
1762 -0.56 0.00
1763 0.14 -0.01
1764 0.00 -0.02
1765 -0.56 0.04
1766 -0.56 0.02
1767 0.14 0.00
1768 0.00 0.02
1769 0.00 -0.00
1770 -0.70 0.05
1771 -0.28 0.02
1772 0.14 -0.02
1773 0.28 -0.03
1774 1.12 -0.04
1775 0.28 0.00
1776 0.14 0.03
1777 -0.14 0.01
1778 0.00 -0.01
1779 -0.42 0.02
1780 0.00 -0.04
1781 -0.98 0.05
1782 -0.42 0.00
1783 0.14 0.02
1784 -0.56 0.06
1785 -0.14 0.04
1786 0.42 -0.00
1787 0.14 0.00
1788 0.42 0.00
1789 0.00 -0.02
1790 -0.14 0.04
1791 0.56 -0.04
1792 -0.56 0.00
1793 -0.28 0.02
1794 0.00 -0.02
1795 0.42 -0.02
1796 0.14 -0.02
1797 0.42 0.01
1798 -0.14 0.00
1799 0.56 -0.07
1800 0.56 -0.00
1801 -0.56 -0.00
1802 0.28 -0.02
1803 -0.98 -0.00
1804 0.28 -0.06
1805 0.28 -0.02
1806 0.14 -0.00
1807 0.14 -0.02
1808 -0.42 0.01
1809 -0.28 0.02
1810 -0.42 -0.01
1811 -0.70 0.02
1812 -1.12 -0.02
1813 -0.70 0.02
1814 -0.42 -0.02
1815 -0.28 -0.01
1816 0.56 -0.05
1817 -0.70 -0.01
1818 -0.28 0.04
1819 1.12 -0.08
1820 -0.56 -0.02
1821 0.00 -0.01
1822 0.28 -0.02
1823 -0.42 -0.01
1824 -0.28 -0.02
1825 0.00 0.02
1826 0.14 -0.00
1827 -0.56 0.07
1828 0.00 0.03
1829 0.56 -0.01
1830 0.56 -0.04
1831 0.00 -0.00
1832 -0.70 0.09
1833 -0.28 0.00
1834 -0.28 0.05
1835 -0.28 -0.01
1836 -0.70 0.06
1837 0.56 -0.05
1838 0.28 -0.02
1839 0.00 -0.04
1840 0.56 -0.05
1841 -0.42 0.02
1842 0.42 -0.02
1843 0.42 -0.03
1844 0.42 -0.02
1845 -0.84 0.10
1846 -0.70 0.04
1847 -0.42 0.05
1848 0.00 0.01
1849 0.42 -0.06
1850 0.14 -0.00
1851 -0.28 0.02
1852 -0.56 0.04
1853 -0.56 0.04
1854 0.00 -0.01
1855 -0.28 0.03
1856 -0.28 0.02
1857 -0.70 0.01
1858 0.42 -0.03
1859 -0.56 -0.05
1860 -0.42 0.04
1861 0.42 -0.02
1862 0.14 0.02
1863 0.14 -0.04
1864 0.84 -0.04
1865 0.00 0.01
1866 -0.28 0.02
1867 -0.56 0.03
1868 0.00 0.02
1869 -0.14 -0.02
1870 1.12 -0.07
1871 0.42 -0.04
1872 0.56 -0.07
1873 0.56 -0.04
1874 0.00 0.02
1875 -0.42 0.00
1876 -0.42 0.06
1877 -0.56 0.04
1878 0.00 -0.01
1879 -0.70 0.04
1880 -0.28 0.02
1881 0.14 -0.02
1882 0.14 -0.03
1883 0.56 -0.02
1884 0.14 0.00
1885 -0.28 0.02
1886 0.42 -0.08
1887 -0.14 0.04
1888 0.00 -0.00
1889 -0.42 0.02
1890 -0.28 0.02
1891 0.14 -0.00
1892 -0.14 -0.01
1893 0.70 -0.02
1894 0.14 -0.02
1895 0.42 -0.04
1896 -0.28 0.05
1897 -0.14 -0.01
1898 0.14 0.00
1899 0.14 -0.05
1900 0.14 -0.00
1901 0.28 0.05
1902 -0.14 0.01
1903 0.00 0.04
1904 0.42 0.04
1905 0.14 -0.03
1906 -0.84 0.02
1907 0.00 -0.01
1908 -0.28 -0.02
1909 -0.42 -0.02
1910 -0.70 0.06
1911 0.42 0.02
1912 0.56 -0.05
1913 0.14 0.04
1914 -0.42 0.07
1915 0.84 -0.00
1916 -0.14 0.00
1917 0.14 -0.06
1918 -0.28 0.00
1919 -0.42 0.01
1920 -0.28 -0.02
1921 -0.42 0.02
1922 -0.56 -0.02
1923 -0.14 -0.00
1924 0.56 -0.02
1925 -0.42 0.04
1926 -0.28 0.03
1927 -0.14 0.00
1928 -0.14 0.03
1929 -0.28 0.01
1930 0.56 -0.04
1931 0.00 0.00
1932 0.28 -0.00
1933 0.00 -0.00
1934 -0.28 -0.02
1935 -0.28 0.01
1936 -0.84 0.05
1937 0.28 -0.06
1938 0.28 -0.02
1939 -0.70 -0.06
1940 0.00 0.00
1941 -0.28 -0.01
1942 -0.28 0.01
1943 0.14 -0.01
1944 0.00 0.00
1945 -0.28 0.03
1946 0.00 0.02
1947 -0.56 0.03
1948 0.00 -0.02
1949 -0.28 0.02
1950 -0.28 0.05
1951 -0.14 -0.00
1952 -0.56 0.06
1953 -0.14 -0.02
1954 -0.14 -0.01
1955 0.14 -0.02
1956 -0.28 0.02
1957 -0.84 0.06
1958 -0.56 0.03
1959 -0.70 0.07
1960 -0.14 0.00
1961 0.00 -0.02
1962 -0.28 0.00
1963 -0.28 0.02
1964 -0.42 -0.02
1965 -0.70 0.00
1966 -0.28 0.01
1967 -0.42 -0.01
1968 -0.56 -0.00
1969 0.14 -0.00
1970 -0.14 0.01
1971 -0.42 0.08
1972 0.56 0.01
1973 -0.28 0.02
1974 -1.26 0.10
1975 -0.14 0.02
1976 -0.42 0.02
1977 0.42 -0.01
1978 -0.28 0.00
1979 -0.14 0.01
1980 -0.42 0.02
1981 -0.42 0.02
1982 0.56 -0.02
1983 -0.98 0.06
1984 -0.42 -0.02
1985 0.00 -0.02
1986 -0.42 0.02
1987 0.14 -0.01
1988 -0.14 -0.04
1989 -0.14 -0.00
1990 -0.28 -0.01
1991 1.12 -0.03
1992 -0.14 0.03
1993 -0.42 -0.00
1994 -0.28 0.01
1995 -0.84 0.04
1996 0.00 0.00
1997 0.00 -0.03
1998 0.14 -0.01
1999 0.00 0.02
2000 0.00 -0.02
2001 0.14 -0.01
2002 0.14 0.01
2003 -0.42 0.03
2004 0.00 0.01
2005 -0.28 0.03
2006 0.00 -0.00
2007 -0.84 -0.02
2008 0.28 -0.03
2009 -0.14 0.02
2010 0.42 -0.04
2011 0.14 -0.04
2012 -0.14 0.02
2013 0.28 0.03
2014 -0.28 0.05
2015 -0.28 -0.01
2016 0.00 -0.00
2017 0.14 -0.03
2018 0.56 -0.04
2019 0.42 -0.04
2020 0.14 -0.02
2021 0.42 -0.01
2022 0.42 -0.03
2023 -0.56 0.00
2024 0.00 -0.03
2025 -0.28 0.04
2026 0.56 -0.02
2027 0.70 -0.07
2028 -0.14 -0.03
2029 -0.28 -0.02
2030 -0.84 0.00
2031 0.00 0.04
2032 0.14 -0.00
2033 -0.56 -0.00
2034 0.28 -0.01
2035 -0.84 0.05
2036 -0.28 0.01
2037 0.00 0.02
2038 0.00 -0.08
2039 0.42 -0.04
2040 0.42 -0.05
2041 0.28 -0.04
2042 -0.14 0.05
2043 -0.42 0.01
2044 -0.14 -0.01
2045 -0.28 -0.05
2046 0.14 0.00
2047 -0.14 0.00
2048 0.28 0.02
2049 -0.84 0.02
2050 -0.84 0.01
2051 -0.70 0.04
2052 0.56 -0.00
2053 -0.56 0.01
2054 0.14 0.02
2055 -0.28 0.04
2056 0.98 -0.07
2057 -0.84 0.04
2058 0.00 -0.02
2059 1.12 -0.08
2060 0.00 0.00
2061 -0.14 0.00
2062 -0.28 0.02
2063 -0.42 0.07
2064 -0.42 0.03
2065 -0.56 -0.00
2066 0.42 -0.06
2067 0.28 -0.02
2068 0.00 -0.02
2069 0.70 -0.02
2070 -0.14 -0.00
2071 -0.42 0.05
2072 -0.14 0.04
2073 -0.28 0.02
2074 0.00 -0.03
2075 -0.28 0.00
2076 -0.42 0.02
2077 0.00 0.00
2078 -0.84 0.06
2079 -0.28 0.02
2080 -0.84 0.05
2081 -0.42 0.00
2082 -0.28 0.01
2083 -0.14 0.04
2084 0.00 -0.02
2085 -0.14 0.01
2086 0.70 -0.04
2087 0.00 -0.00
2088 -0.28 0.01
2089 0.14 -0.00
2090 0.70 -0.01
2091 -0.42 0.00
2092 0.14 -0.03
2093 -0.14 0.02
2094 -0.28 -0.00
2095 -0.14 -0.02
2096 -0.42 0.06
2097 0.56 -0.02
2098 -0.56 -0.01
2099 0.70 -0.02
2100 0.00 -0.02
2101 -0.70 0.08
2102 0.14 -0.02
2103 -0.28 -0.02
2104 -0.56 0.04
2105 -0.28 0.02
2106 0.14 0.01
2107 -0.28 0.02
2108 -0.42 0.06
2109 0.14 0.04
2110 0.14 -0.04
2111 0.28 0.01
2112 0.00 -0.01
2113 0.70 -0.06
2114 0.14 -0.01
2115 -0.84 0.00
2116 0.28 -0.03
2117 0.14 0.01
2118 -0.56 0.02
2119 0.00 0.01
2120 0.00 0.01
2121 -0.70 0.05
2122 -0.28 0.02
2123 0.00 -0.01
2124 0.00 -0.05
2125 0.14 0.03
2126 -0.28 0.02
2127 -0.42 0.01
2128 0.28 0.01
2129 -0.42 0.04
2130 -1.12 0.12
2131 -0.28 -0.04
2132 0.28 -0.03
2133 -0.28 0.04
2134 0.42 -0.03
2135 -0.42 0.05
2136 0.14 -0.02
2137 -1.54 0.00
2138 -0.28 0.02
2139 0.00 0.04
2140 0.00 -0.02
2141 -0.42 0.03
2142 0.42 -0.00
2143 0.00 0.02
2144 -0.42 0.00
2145 -0.42 0.01
2146 0.00 -0.01
2147 0.14 -0.01
2148 -0.28 0.00
2149 -0.42 -0.02
2150 0.00 0.00
2151 -0.56 0.03
2152 0.14 -0.02
2153 -1.26 0.07
2154 0.00 0.00
2155 0.42 0.01
2156 -0.56 0.05
2157 0.00 -0.00
2158 -0.84 0.06
2159 0.42 -0.02
2160 -0.42 0.01
2161 -0.28 0.03
2162 -0.28 0.04
2163 0.00 0.00
2164 0.42 -0.02
2165 -0.42 0.06
2166 -0.14 0.00
2167 0.56 -0.04
2168 -0.56 -0.01
2169 -0.14 -0.00
2170 -0.70 0.04
2171 -0.14 0.04
2172 0.00 -0.02
2173 -0.70 0.08
2174 -0.42 0.04
2175 -0.84 0.02
2176 0.14 -0.00
2177 0.42 -0.03
2178 0.00 -0.04
2179 -0.84 0.00
2180 0.14 -0.02
2181 0.42 -0.04
2182 0.70 -0.07
2183 -0.42 0.01
2184 -0.28 -0.01
2185 0.14 -0.03
2186 -0.28 0.01
2187 -0.84 0.07
2188 0.28 -0.02
2189 -0.28 0.00
2190 -0.28 0.00
2191 -0.28 -0.01
2192 -0.28 0.04
2193 0.00 -0.03
2194 -0.28 0.04
2195 -0.56 0.03
2196 -0.14 0.06
2197 -0.14 0.00
2198 -0.14 0.00
2199 -0.14 0.00
2200 0.28 0.00
2201 0.84 -0.02
2202 -0.70 0.02
2203 -0.28 0.02
2204 -0.84 0.05
2205 0.56 -0.06
2206 0.00 -0.00
2207 -0.28 0.01
2208 -0.56 0.01
2209 0.28 -0.04
2210 0.42 -0.02
2211 -0.14 -0.00
2212 0.84 -0.03
2213 0.42 -0.08
2214 0.00 0.00
2215 -0.42 0.04
2216 -0.70 0.02
2217 -0.42 0.01
2218 -0.70 -0.00
2219 -0.56 0.05
2220 0.14 -0.01
2221 0.00 0.00
2222 -0.70 0.04
2223 0.14 -0.01
2224 0.00 0.00
2225 -0.28 -0.00
2226 -0.14 -0.02
2227 -0.84 0.04
2228 -0.42 0.01
2229 -0.28 0.01
2230 -0.28 0.02
2231 0.00 -0.01
2232 -0.28 -0.00
2233 -0.28 0.02
2234 -0.28 -0.00
2235 0.00 0.01
2236 -0.28 0.00
2237 -0.28 0.01
2238 0.56 -0.06
2239 -0.28 0.04
2240 0.00 0.02
2241 -0.84 0.04
2242 0.28 -0.04
2243 0.00 -0.02
2244 0.42 -0.02
2245 -0.84 0.03
2246 -0.28 -0.00
2247 -0.42 0.02
2248 -0.14 0.01
2249 0.00 0.04
2250 0.42 -0.05
2251 0.14 -0.03
2252 -0.56 0.04
2253 -0.70 0.00
2254 -0.42 -0.01
2255 -0.42 0.04
2256 0.70 -0.04
2257 -0.70 0.02
2258 -0.28 0.01
2259 0.14 -0.02
2260 0.00 0.03
2261 -0.70 0.00
2262 -0.56 0.03
2263 0.42 -0.04
2264 0.28 0.02
2265 -0.56 0.03
2266 0.84 -0.04
2267 0.98 -0.09
2268 0.42 -0.04
2269 -0.56 0.02
2270 0.56 -0.06
2271 -0.28 0.01
2272 0.56 -0.06
2273 0.28 0.02
2274 -0.84 0.04
2275 0.00 0.00
2276 0.42 -0.05
2277 -0.56 0.02
2278 -0.42 -0.04
2279 0.14 0.00
2280 -0.28 -0.01
2281 0.42 -0.02
2282 -0.28 -0.00
2283 0.28 -0.00
2284 0.28 -0.06
2285 0.28 -0.03
2286 -0.28 0.08
2287 0.28 -0.06
2288 0.14 0.01
2289 0.42 -0.06
2290 0.00 -0.01
2291 0.00 -0.03
2292 0.28 -0.00
2293 0.00 -0.04
2294 0.14 -0.02
2295 -0.42 -0.00
2296 -1.54 0.06
2297 0.56 -0.09
2298 0.14 -0.00
2299 -0.28 0.02
2300 0.00 -0.03
2301 0.14 0.00
2302 -0.28 0.05
2303 -0.28 -0.02
2304 -0.98 0.01
2305 -0.84 -0.00
2306 0.28 -0.04
2307 0.70 -0.06
2308 0.00 0.04
2309 0.56 -0.07
2310 -0.70 0.04
2311 0.56 -0.05
2312 -0.28 0.02
2313 -0.70 0.05
2314 0.42 -0.02
2315 0.14 0.01
2316 0.00 0.00
2317 -0.28 0.02
2318 -0.14 -0.03
2319 -0.28 0.06
2320 -0.28 -0.01
2321 -0.42 0.07
2322 0.56 -0.06
2323 -0.56 0.02
2324 0.42 -0.05
2325 -0.70 0.02
2326 0.14 0.00
2327 0.42 -0.01
2328 -0.14 0.02
2329 0.00 0.02
2330 0.84 -0.02
2331 -0.28 0.02
2332 -0.28 0.01
2333 0.00 -0.03
2334 -0.14 -0.01
2335 0.00 -0.00
2336 -0.14 0.00
2337 -0.14 -0.01
2338 -0.56 0.06
2339 0.00 0.03
2340 0.14 -0.01
2341 -0.56 0.03
2342 0.56 -0.08
2343 0.00 -0.04
2344 -0.14 -0.02
2345 -0.28 0.02
2346 0.14 -0.01
2347 0.00 -0.02
2348 -0.14 0.02
2349 0.42 -0.02
2350 -0.42 0.03
2351 -0.28 0.01
2352 0.14 -0.04
2353 -0.56 0.07
2354 -0.14 0.01
2355 0.00 0.01
2356 0.00 -0.00
2357 0.00 -0.04
2358 0.00 -0.02
2359 -0.42 0.02
2360 -0.84 0.05
2361 -0.14 -0.02
2362 -0.42 0.04
2363 0.14 0.00
2364 -0.28 0.02
2365 0.00 0.00
2366 0.28 -0.01
2367 0.42 -0.05
2368 -0.28 -0.00
2369 -0.56 0.05
2370 0.56 -0.04
2371 0.00 0.01
2372 -0.14 0.01
2373 0.98 -0.07
2374 -0.28 0.02
2375 -0.14 0.00
2376 0.00 -0.02
2377 -0.14 -0.02
2378 0.00 0.00
2379 0.28 -0.04
2380 -0.42 0.04
2381 0.00 0.04
2382 -0.14 0.02
2383 -0.84 0.07
2384 0.00 -0.00
2385 0.00 -0.01
2386 -0.56 0.03
2387 -0.42 -0.02
2388 0.42 0.00
2389 0.42 0.02
2390 0.14 -0.02
2391 -0.28 0.00
2392 -0.56 0.00
2393 -0.70 0.02
2394 -0.14 0.01
2395 0.84 -0.04
2396 0.00 -0.00
2397 -0.42 0.04
2398 -0.14 0.02
2399 0.70 -0.04
2400 -0.42 -0.00
2401 -0.56 0.01
2402 0.42 -0.02
2403 -0.42 0.01
2404 0.14 0.04
2405 -0.14 -0.02
2406 0.42 -0.02
2407 -0.70 0.03
2408 -0.70 0.06
2409 -0.42 0.00
2410 -0.98 -0.02
2411 -0.84 0.04
2412 -0.28 -0.07
2413 -0.42 0.04
2414 -0.42 0.03
2415 0.42 -0.05
2416 -0.14 0.00
2417 0.14 -0.00
2418 0.00 0.01
2419 -0.28 -0.00
2420 0.42 0.02
2421 -0.28 0.01
2422 -0.56 0.05
2423 -0.28 0.03
2424 0.14 0.01
2425 0.28 -0.02
2426 -0.28 0.04
2427 0.56 0.01
2428 0.28 -0.04
2429 -0.28 0.02
2430 0.56 -0.04
2431 0.14 -0.02
2432 0.42 0.03
2433 0.42 0.00
2434 -0.56 0.04
2435 -0.14 0.00
2436 0.00 -0.02
2437 -0.28 0.01
2438 -0.42 -0.01
2439 -0.42 0.03
2440 0.28 -0.02
2441 0.56 0.00
2442 0.00 0.03
2443 0.00 0.00
2444 -0.42 0.04
2445 -0.84 0.03
2446 -0.84 0.04
2447 -0.42 0.06
2448 -0.14 -0.02
2449 -0.98 0.08
2450 0.28 -0.06
2451 0.14 0.02
2452 0.28 -0.00
2453 0.00 0.01
2454 -0.42 0.02
2455 0.28 -0.04
2456 -0.42 0.00
2457 -0.56 0.05
2458 0.84 -0.04
2459 -0.42 0.01
2460 -0.28 0.04
2461 -0.42 0.03
2462 -0.28 0.04
2463 -0.84 0.06
2464 0.42 -0.02
2465 -0.28 0.01
2466 -0.14 0.02
2467 0.42 0.02
2468 0.00 -0.02
2469 0.56 -0.04
2470 0.56 -0.03
2471 -0.56 0.04
2472 -0.14 0.00
2473 0.00 -0.03
2474 0.14 -0.00
2475 -0.70 0.02
2476 -0.28 -0.00
2477 0.98 -0.08
2478 -0.28 -0.06
2479 0.14 -0.01
2480 -0.28 -0.04
2481 0.56 -0.02
2482 -0.28 0.02
2483 0.42 -0.04
2484 0.14 -0.01
2485 0.14 0.02
2486 -0.70 0.05
2487 0.28 -0.02
2488 0.42 -0.02
2489 0.14 -0.06
2490 -0.14 -0.01
2491 0.00 0.00
2492 -0.28 0.02
2493 -0.56 0.04
2494 -0.84 0.08
2495 0.28 -0.05
2496 -0.70 0.05
2497 -0.28 0.00
2498 0.84 -0.13
2499 -0.14 -0.05
2500 0.14 0.01
2501 0.42 -0.00
2502 0.28 -0.00
2503 0.56 -0.04
2504 0.14 -0.02
2505 -0.56 0.01
2506 0.00 -0.02
2507 0.28 -0.01
2508 0.00 0.00
2509 0.28 -0.02
2510 -0.70 0.06
2511 0.14 -0.03
2512 -0.14 0.00
2513 -0.14 0.04
2514 -0.28 0.04
2515 -0.84 0.04
2516 0.42 -0.06
2517 0.14 -0.04
2518 -0.14 0.03
2519 0.00 0.01
2520 -0.56 0.03
