1 -0.28 0.02
2 -0.28 0.04
3 -0.28 0.01
4 0.14 -0.02
5 -0.70 0.00
6 0.70 0.02
7 -0.42 0.04
8 0.56 -0.05
9 -0.70 0.05
10 -0.14 -0.01
11 -0.70 -0.02
12 0.00 0.02
13 -0.28 0.02
14 -0.28 0.04
15 0.14 0.03
16 -0.70 0.02
17 -0.14 0.00
18 -0.14 -0.02
19 0.00 -0.01
20 0.14 -0.03
21 0.14 0.01
22 0.00 0.03
23 0.14 0.01
24 0.14 -0.03
25 -0.84 0.04
26 0.28 -0.02
27 0.00 0.02
28 -0.42 0.02
29 -0.56 0.03
30 0.14 0.01
31 0.14 0.00
32 0.00 -0.01
33 -0.28 0.02
34 -0.14 -0.03
35 0.14 -0.03
36 -0.14 -0.02
37 0.14 -0.03
38 0.84 -0.05
39 0.00 0.00
40 -0.14 -0.03
41 0.42 -0.02
42 0.00 -0.02
43 -0.42 -0.01
44 0.28 -0.02
45 -0.14 0.02
46 0.00 0.03
47 0.84 -0.03
48 0.70 -0.10
49 -0.28 -0.03
50 0.14 -0.06
51 0.14 -0.02
52 -0.42 0.02
53 1.26 -0.06
54 0.14 -0.02
55 -0.70 0.05
56 -0.56 0.05
57 -0.70 0.02
58 0.00 -0.04
59 0.14 -0.04
60 0.56 -0.01
61 -0.28 -0.00
62 -0.84 0.02
63 0.28 -0.02
64 0.56 -0.01
65 0.28 -0.02
66 0.00 -0.03
67 -0.42 -0.02
68 0.42 -0.05
69 -0.42 0.01
70 -0.28 0.04
71 -0.14 0.02
72 -0.70 0.04
73 0.28 -0.02
74 -0.28 0.04
75 -0.28 -0.02
76 0.42 -0.06
77 -0.14 -0.00
78 0.00 0.02
79 0.56 -0.05
80 -0.56 -0.00
81 0.00 -0.05
82 -0.28 -0.03
83 0.28 -0.03
84 -0.28 -0.01
85 -0.70 0.06
86 0.00 -0.01
87 -0.14 -0.01
88 -0.28 -0.01
89 -0.28 -0.01
90 -0.28 0.01
91 -0.28 0.02
92 -0.28 0.02
93 -0.84 0.08
94 0.00 0.01
95 -0.98 0.07
96 0.00 0.00
97 0.00 -0.04
98 -0.14 0.04
99 0.14 -0.02
100 -0.14 0.02
101 -0.14 -0.00
102 -0.28 0.06
103 -0.28 -0.00
104 0.28 0.00
105 0.14 -0.02
106 0.14 0.01
107 0.42 -0.00
108 0.00 0.02
109 -0.56 0.04
110 0.28 0.00
111 -0.14 0.02
112 0.00 0.01
113 -0.14 -0.01
114 0.00 -0.00
115 0.28 -0.04
116 0.14 0.02
117 0.42 -0.04
118 0.14 -0.02
119 0.00 -0.03
120 0.14 -0.03
121 -0.28 -0.04
122 -0.42 0.03
123 0.56 -0.03
124 -0.28 -0.05
125 -0.28 0.02
126 0.56 -0.05
127 -1.12 0.06
128 0.00 0.02
129 -0.42 0.06
130 -0.28 -0.01
131 0.00 0.02
132 0.14 0.00
133 0.00 0.02
134 0.00 0.00
135 -0.56 0.02
136 -0.14 0.01
137 -0.28 -0.00
138 0.00 0.01
139 -0.14 0.01
140 0.00 -0.01
141 0.14 0.04
142 -0.28 0.00
143 0.00 -0.06
144 -0.42 -0.02
145 -0.42 -0.04
146 0.42 -0.05
147 -0.28 0.03
148 -0.42 0.03
149 -0.14 0.00
150 -0.14 0.04
151 0.42 -0.06
152 0.00 -0.01
153 -0.42 0.04
154 0.00 -0.04
155 0.28 0.00
156 0.00 -0.01
157 -0.14 0.00
158 0.14 0.00
159 0.14 -0.04
160 0.00 -0.01
161 -0.28 0.06
162 0.14 -0.02
163 -0.28 0.01
164 0.70 -0.03
165 -0.14 0.01
166 0.28 -0.04
167 -0.28 0.04
168 0.00 0.01
169 -0.56 0.04
170 0.42 -0.04
171 0.00 -0.04
172 0.28 -0.05
173 -0.28 -0.01
174 0.14 -0.04
175 0.56 0.02
176 -0.56 0.05
177 -0.28 0.02
178 0.14 0.02
179 -0.84 0.04
180 -0.42 0.10
181 -0.14 0.03
182 -0.14 0.02
183 0.28 -0.00
184 0.70 -0.06
185 -0.42 -0.01
186 -0.28 -0.01
187 0.14 0.00
188 0.14 -0.02
189 0.00 0.00
190 -0.28 0.04
191 -0.42 0.05
192 -0.28 -0.04
193 0.00 -0.00
194 0.00 -0.02
195 0.56 -0.01
196 0.56 -0.00
197 0.00 0.01
198 0.00 -0.01
199 0.42 -0.06
200 0.00 -0.01
201 0.28 -0.01
202 0.84 -0.08
203 -0.42 -0.02
204 -0.84 0.02
205 0.28 -0.02
206 -0.42 -0.00
207 0.00 -0.00
208 -0.14 -0.00
209 -0.42 0.06
210 -0.28 0.04
211 0.14 -0.01
212 0.42 -0.02
213 -0.14 0.02
214 -0.42 0.02
215 -0.28 0.01
216 -0.28 -0.02
217 -0.84 0.04
218 0.56 -0.02
219 0.14 -0.05
220 -0.14 0.00
221 -0.56 0.06
222 0.00 -0.02
223 -0.42 0.00
224 -0.14 0.00
225 0.28 0.02
226 0.28 -0.01
227 0.14 -0.00
228 0.14 0.02
229 0.28 0.03
230 -0.42 0.02
231 0.14 -0.03
232 0.56 -0.06
233 -0.14 0.02
234 0.42 -0.06
235 0.28 -0.02
236 0.28 -0.06
237 -0.14 -0.00
238 -0.42 0.04
239 -0.70 0.02
240 -0.14 0.02
241 0.00 0.01
242 0.28 -0.02
243 -0.42 0.02
244 -0.14 0.00
245 0.00 -0.00
246 -0.98 0.01
247 0.56 -0.05
248 -0.42 0.00
249 0.14 -0.01
250 0.28 -0.02
251 0.56 -0.02
252 -0.28 0.02
253 0.14 0.02
254 -0.14 0.01
255 0.42 -0.02
256 -0.42 0.04
257 0.42 -0.05
258 0.42 -0.02
259 0.42 0.01
260 0.84 -0.06
261 -0.14 -0.01
262 -0.28 0.00
263 -0.14 0.02
264 0.28 -0.00
265 0.56 -0.01
266 0.14 -0.02
267 0.00 -0.00
268 -0.56 0.03
269 -0.70 0.08
270 0.28 -0.02
271 0.28 -0.01
272 0.00 0.02
273 -0.70 0.00
274 -0.42 -0.03
275 0.56 -0.07
276 0.56 0.02
277 0.00 -0.02
278 -0.28 0.04
279 0.56 0.00
280 0.42 -0.02
281 0.00 -0.02
282 0.28 -0.06
283 -0.28 -0.00
284 0.70 -0.06
285 0.14 -0.02
286 -0.84 0.03
287 -0.42 0.06
288 -0.98 0.01
289 -0.42 0.05
290 -0.28 0.00
291 0.42 -0.03
292 -0.70 0.01
293 0.14 -0.02
294 0.14 -0.02
295 -0.42 -0.01
296 0.28 -0.00
297 -0.42 0.02
298 -0.28 -0.00
299 -0.42 -0.02
300 -0.70 0.08
301 0.14 0.02
302 0.14 0.02
303 0.84 -0.02
304 0.00 -0.02
305 0.14 -0.03
306 0.70 -0.08
307 0.14 -0.01
308 -0.42 0.00
309 -0.28 0.00
310 -0.28 0.02
311 0.00 -0.02
312 0.14 -0.02
313 -0.70 -0.02
314 -0.42 0.01
315 0.00 0.00
316 -0.84 0.01
317 0.28 0.02
318 0.14 0.01
319 0.00 0.03
320 -0.14 0.00
321 0.42 -0.06
322 -0.42 0.02
323 0.42 -0.04
324 0.00 0.03
325 -0.56 0.02
326 -0.14 -0.05
327 -0.42 0.03
328 -0.42 0.04
329 -0.42 -0.02
330 0.42 -0.03
331 0.42 -0.04
332 -0.84 0.02
333 -0.42 0.02
334 -0.56 0.02
335 -0.42 0.04
336 0.00 0.04
337 0.42 -0.05
338 0.00 -0.02
339 0.42 0.00
340 -0.42 0.02
341 -0.42 0.04
342 0.00 -0.02
343 -0.28 0.01
344 -0.28 0.03
345 -0.14 -0.03
346 0.00 -0.02
347 0.42 -0.03
348 0.28 -0.04
349 0.14 -0.02
350 0.14 0.01
351 -0.56 0.02
352 -0.42 0.00
353 -0.28 0.00
354 1.12 -0.06
355 -0.14 0.03
356 0.28 0.00
357 -0.14 0.02
358 0.14 -0.06
359 -0.56 0.03
360 0.84 -0.04
361 -0.84 0.04
362 0.28 -0.03
363 0.42 -0.04
364 0.28 -0.03
365 -0.14 -0.02
366 0.14 -0.06
367 -0.42 0.08
368 -0.14 0.02
369 -0.42 0.04
370 -0.14 0.01
371 0.14 0.00
372 -0.28 0.01
373 -0.70 0.03
374 -0.56 0.02
375 -0.14 0.03
376 0.70 -0.06
377 0.56 -0.06
378 -0.42 -0.01
379 -0.42 -0.02
380 0.42 -0.01
381 0.56 -0.06
382 -0.56 0.01
383 0.56 -0.02
384 -0.14 0.01
385 0.56 0.01
386 0.00 -0.02
387 -0.14 -0.04
388 0.00 0.06
389 0.14 -0.01
390 0.28 -0.02
391 -0.42 -0.01
392 0.28 -0.04
393 0.00 -0.00
394 0.14 -0.00
395 -0.28 0.05
396 -0.42 0.02
397 -0.14 0.00
398 -0.28 0.02
399 0.14 -0.01
400 -0.56 0.04
401 -0.70 0.05
402 0.42 -0.01
403 0.28 -0.01
404 -0.42 0.04
405 0.00 -0.01
406 0.14 0.01
407 0.56 -0.01
408 0.14 0.01
409 0.14 -0.03
410 -0.56 0.07
411 0.98 -0.07
412 0.14 -0.00
413 -0.84 0.04
414 0.56 -0.04
415 0.42 -0.04
416 0.14 -0.03
417 0.70 -0.08
418 -0.84 0.09
419 -0.14 0.02
420 0.00 -0.01
421 0.14 0.02
422 0.14 0.01
423 -0.42 0.02
424 -0.42 -0.02
425 0.42 0.00
426 0.14 -0.01
427 -1.12 0.08
428 -0.42 0.03
429 -0.28 0.03
430 0.42 -0.06
431 -0.70 -0.00
432 -0.84 0.05
433 0.28 -0.02
434 0.42 0.00
435 0.14 -0.00
436 -0.56 0.01
437 0.84 -0.05
438 -0.14 0.00
439 0.56 0.02
440 -0.56 0.04
441 -0.28 0.02
442 0.14 0.00
443 0.14 -0.02
444 -0.14 0.01
445 0.28 -0.03
446 -0.98 0.03
447 0.00 -0.02
448 0.28 -0.00
449 -0.70 0.02
450 -0.28 -0.02
451 -0.28 -0.00
452 0.00 -0.02
453 -0.28 0.02
454 0.14 -0.00
455 -0.14 0.01
456 -0.14 0.03
457 0.00 -0.04
458 -0.28 -0.02
459 -0.14 0.01
460 -0.14 -0.03
461 -0.14 0.02
462 0.84 -0.02
463 -0.42 -0.00
464 0.00 -0.01
465 0.56 0.01
466 0.00 0.02
467 -0.14 -0.06
468 0.56 -0.06
469 -0.42 0.01
470 0.28 -0.01
471 0.00 0.02
472 -0.28 0.01
473 0.14 -0.06
474 -0.14 0.06
475 -0.42 0.02
476 0.28 -0.04
477 -0.28 0.06
478 0.14 0.01
479 0.14 -0.00
480 -1.12 0.08
481 -0.28 0.00
482 -0.56 0.04
483 0.14 -0.04
484 0.28 -0.03
485 -0.42 0.04
486 -0.28 -0.00
487 -0.42 0.01
488 0.14 -0.04
489 0.14 -0.02
490 0.14 0.00
491 0.28 -0.01
492 0.00 0.02
493 -0.28 0.02
494 0.42 -0.03
495 -0.42 0.04
496 0.00 0.05
497 -0.42 0.00
498 -0.42 0.04
499 0.00 0.03
500 -0.14 0.01
501 -0.70 0.02
502 -0.28 -0.02
503 -0.28 0.02
504 0.14 -0.06
505 0.00 -0.00
506 -0.14 0.05
507 0.56 -0.04
508 0.98 -0.06
509 -0.28 0.03
510 -0.28 -0.00
511 -0.70 0.04
512 0.42 -0.04
513 0.42 -0.04
514 -0.28 0.03
515 -0.70 0.07
516 -0.14 -0.08
517 0.00 0.02
518 0.00 -0.01
519 -0.14 -0.01
520 -0.28 -0.01
521 0.14 0.02
522 -0.14 -0.04
523 -0.42 -0.01
524 -0.14 0.00
525 -0.28 0.01
526 0.14 0.01
527 0.56 -0.04
528 0.28 -0.01
529 0.00 -0.02
530 -0.28 0.00
531 -0.56 0.00
532 0.00 0.02
533 0.00 0.04
534 -0.28 0.02
535 1.26 -0.03
536 -0.14 -0.01
537 0.98 -0.00
538 0.28 0.00
539 -0.56 0.04
540 -0.56 0.03
541 0.84 -0.01
542 -0.56 0.04
543 0.70 -0.00
544 0.42 -0.04
545 -0.14 -0.01
546 0.00 0.00
547 0.56 0.04
548 0.70 -0.05
549 0.14 -0.03
550 0.00 -0.02
551 -0.42 -0.00
552 0.14 0.03
553 0.56 -0.02
554 0.00 0.01
555 -0.14 0.01
556 -1.12 0.00
557 -0.84 0.06
558 0.56 -0.01
559 0.00 0.01
560 0.28 0.06
561 -1.54 0.19
562 0.42 0.03
563 0.70 -0.11
564 -0.28 0.01
565 0.70 -0.08
566 0.28 -0.01
567 0.70 -0.02
568 -0.42 0.04
569 0.14 0.01
570 0.42 0.03
571 0.00 -0.00
572 -0.70 0.00
573 0.56 -0.00
574 0.00 0.02
575 0.28 -0.03
576 0.84 -0.04
577 0.56 -0.06
578 -0.98 0.05
579 0.42 -0.06
580 0.98 0.03
581 -0.42 0.04
582 0.00 0.05
583 0.28 0.01
584 -0.14 -0.01
585 -0.42 0.05
586 -0.42 0.03
587 -0.42 0.01
588 0.28 -0.01
589 -0.42 -0.01
590 0.28 -0.04
591 -0.84 0.01
592 -1.12 0.08
593 -0.28 0.04
594 -0.42 0.03
595 -0.14 0.04
596 -0.28 -0.00
597 0.00 -0.01
598 0.14 -0.04
599 0.00 -0.04
600 0.00 -0.01
601 -0.14 -0.02
602 -0.42 0.02
603 -0.70 0.01
604 0.00 -0.02
605 -0.56 0.05
606 -0.42 0.02
607 0.14 -0.00
608 -0.28 -0.00
609 0.28 -0.04
610 0.14 -0.04
611 -0.42 0.01
612 0.14 -0.04
613 0.14 -0.05
614 0.56 -0.02
615 0.84 -0.07
616 0.00 -0.01
617 0.14 -0.01
618 -0.42 0.06
619 -0.84 0.02
620 0.14 -0.01
621 0.00 -0.02
622 0.00 0.02
623 0.70 -0.02
624 -0.14 0.02
625 0.00 -0.00
626 0.28 0.01
627 -0.28 0.00
628 0.00 0.01
629 0.14 -0.03
630 0.14 0.01
631 0.00 0.02
632 0.56 -0.02
633 -0.14 -0.04
634 -0.28 0.00
635 0.70 -0.05
636 0.14 -0.01
637 0.14 0.01
638 0.14 -0.02
639 0.84 -0.04
640 0.00 -0.04
641 0.14 -0.00
642 -0.14 0.02
643 -0.14 0.02
644 -0.84 0.05
645 -0.14 -0.01
646 0.00 -0.02
647 0.28 -0.06
648 0.42 -0.04
649 0.28 0.03
650 -0.98 0.05
651 0.00 0.03
652 0.42 0.02
653 -0.70 0.04
654 0.42 -0.06
655 -0.28 0.02
656 0.84 -0.03
657 -0.42 0.05
658 0.14 -0.04
659 -0.70 0.03
660 -0.14 -0.04
661 -0.42 0.04
662 -0.28 0.05
663 0.14 -0.03
664 -0.14 -0.04
665 -0.42 -0.02
666 0.42 -0.02
667 -0.42 0.02
668 -0.14 -0.01
669 0.56 -0.06
670 0.00 0.01
671 0.28 0.01
672 0.14 -0.02
673 -0.28 0.02
674 0.14 -0.03
675 -0.28 0.04
676 -0.14 -0.03
677 -0.84 -0.00
678 0.00 0.04
679 -0.28 -0.00
680 -0.98 0.03
681 0.14 -0.03
682 -0.14 0.01
683 -0.70 0.00
684 0.14 -0.04
685 0.42 -0.02
686 -0.28 0.04
687 0.00 0.01
688 0.00 0.02
689 0.28 -0.02
690 0.00 0.01
691 0.42 -0.04
692 0.14 -0.00
693 -0.28 0.00
694 0.00 0.02
695 0.00 0.01
696 0.56 -0.04
697 0.00 0.01
698 -0.42 -0.00
699 -0.56 0.00
700 0.56 -0.06
701 -0.42 0.04
702 0.84 -0.03
703 0.00 0.01
704 -0.70 0.06
705 0.14 -0.03
706 0.00 -0.01
707 0.14 -0.02
708 0.98 -0.06
709 -0.28 0.03
710 0.14 0.02
711 -0.28 0.02
712 0.28 -0.06
713 -0.70 0.02
714 -0.28 -0.02
715 0.00 0.02
716 0.70 -0.04
717 0.14 -0.02
718 -0.28 -0.00
719 -0.56 0.03
720 0.14 -0.01
721 0.00 -0.01
722 -0.28 0.01
723 -0.14 0.03
724 0.00 0.02
725 0.28 -0.03
726 0.42 -0.02
727 -0.14 -0.02
728 0.00 -0.02
729 -0.70 0.02
730 0.42 0.02
731 -0.28 0.01
732 -0.28 -0.00
733 0.14 -0.02
734 -0.42 0.04
735 -0.14 0.00
736 -1.12 0.09
737 -0.28 0.02
738 0.14 0.00
739 -0.28 0.02
740 0.14 -0.03
741 -0.70 0.06
742 0.42 -0.01
743 -0.14 0.00
744 0.14 -0.03
745 0.14 -0.02
746 -0.14 0.02
747 -0.98 0.02
748 0.14 -0.01
749 0.00 -0.02
750 -0.28 0.00
751 0.00 0.00
752 -0.70 0.04
753 0.14 -0.03
754 -0.70 0.06
755 -0.98 0.06
756 -0.42 0.02
757 -0.14 0.00
758 -0.28 0.02
759 -0.70 0.07
760 0.14 -0.00
761 -0.56 0.03
762 0.00 -0.00
763 -0.14 0.05
764 0.00 -0.01
765 -0.42 0.01
766 0.00 0.01
767 0.00 -0.02
768 0.84 -0.04
769 -0.28 -0.01
770 0.84 -0.06
771 -0.28 0.03
772 0.28 -0.04
773 0.00 -0.01
774 -0.28 0.02
775 -0.42 0.05
776 0.56 -0.02
777 0.14 -0.02
778 -0.14 0.02
779 0.14 -0.00
780 -1.12 0.05
781 0.84 -0.06
782 0.56 0.01
783 0.28 -0.04
784 0.84 -0.04
785 -0.14 0.02
786 -0.42 0.02
787 0.28 -0.02
788 -0.28 -0.02
789 0.14 -0.00
790 -0.56 0.00
791 -0.14 0.02
792 0.00 -0.02
793 -0.28 0.02
794 -0.28 0.06
795 0.14 -0.01
796 0.28 -0.02
797 0.14 0.02
798 0.42 -0.06
799 -0.28 0.09
800 -0.56 0.00
801 -0.98 0.06
802 0.84 -0.07
803 -0.28 -0.00
804 0.56 -0.14
805 0.00 -0.01
806 -0.14 0.01
807 0.14 -0.02
808 0.00 -0.02
809 0.56 -0.01
810 -0.42 -0.02
811 0.14 -0.05
812 0.00 -0.02
813 0.00 0.00
814 0.00 0.01
815 -0.84 0.10
816 0.14 -0.00
817 -0.56 0.05
818 -0.28 -0.01
819 -0.14 -0.02
820 0.28 -0.06
821 -0.42 0.06
822 -0.42 -0.01
823 0.42 0.01
824 0.56 0.00
825 0.00 0.00
826 -0.28 0.02
827 -0.70 0.01
828 0.14 -0.03
829 -0.14 -0.05
830 -0.14 -0.02
831 -0.42 -0.00
832 0.00 0.00
833 0.14 -0.01
834 0.00 -0.02
835 -0.14 -0.04
836 0.00 0.01
837 -0.14 -0.02
838 0.14 -0.00
839 -0.14 -0.01
840 0.42 -0.02
841 -0.70 0.03
842 0.00 -0.02
843 -0.84 0.06
844 -0.28 -0.01
845 0.00 -0.04
846 0.56 -0.06
847 0.14 -0.00
848 0.14 -0.00
849 0.98 -0.04
850 0.00 0.02
851 -0.28 0.03
852 -0.84 0.04
853 0.00 -0.02
854 -0.14 -0.00
855 0.00 0.00
856 -0.28 0.02
857 0.56 0.01
858 0.14 -0.00
859 -0.56 0.08
860 0.00 0.01
861 0.28 -0.02
862 -0.28 0.00
863 -0.14 -0.02
864 0.42 -0.00
865 -0.14 0.02
866 0.14 -0.04
867 0.70 -0.06
868 -0.70 0.03
869 -0.56 0.02
870 0.56 -0.04
871 0.00 -0.02
872 -0.56 0.00
873 -0.14 0.05
874 -0.42 0.02
875 0.00 -0.02
876 0.00 0.02
877 0.14 -0.01
878 -0.56 -0.00
879 -0.14 0.00
880 0.56 -0.03
881 -0.28 -0.03
882 0.28 -0.04
883 0.56 -0.00
884 -0.56 0.01
885 -0.14 0.02
886 -0.42 0.03
887 -0.14 -0.00
888 0.14 -0.01
889 0.28 0.00
890 -0.56 0.00
891 0.56 -0.03
892 -0.70 0.03
893 0.28 -0.03
894 0.14 0.01
895 0.00 0.01
896 0.42 0.00
897 0.84 -0.03
898 -0.84 0.04
899 0.00 0.04
900 -0.42 -0.01
901 0.00 -0.02
902 -0.42 0.00
903 0.14 -0.02
904 -0.84 0.06
905 0.98 -0.09
906 0.42 -0.05
907 0.56 -0.04
908 -2.10 0.06
909 0.14 -0.02
910 0.14 -0.03
911 -0.42 0.04
912 -0.42 0.01
913 0.00 0.00
914 -0.14 0.02
915 -0.28 0.00
916 -0.28 -0.00
917 0.14 -0.00
918 0.42 0.00
919 0.28 -0.06
920 -0.28 0.01
921 -0.28 0.02
922 0.42 -0.04
923 -0.28 0.04
924 0.00 -0.02
925 0.00 -0.02
926 0.70 0.02
927 0.00 0.02
928 0.28 -0.05
929 0.00 -0.02
930 0.42 -0.07
931 0.00 -0.01
932 0.56 -0.06
933 -0.28 0.01
934 -0.84 0.06
935 -0.56 0.06
936 0.42 -0.02
937 0.00 0.00
938 0.00 -0.00
939 0.28 -0.04
940 0.14 -0.03
941 0.84 -0.06
942 0.70 -0.06
943 -0.56 0.05
944 0.70 -0.03
945 -0.28 0.02
946 0.56 -0.02
947 0.14 -0.06
948 -0.28 0.02
949 0.28 -0.02
950 -0.42 0.00
951 0.00 0.02
952 0.14 0.00
953 0.14 0.02
954 0.00 -0.01
955 0.14 -0.08
956 -0.28 0.02
957 -0.84 0.08
958 0.56 -0.02
959 0.14 -0.02
960 0.84 0.00
961 -0.28 -0.01
962 -0.28 -0.00
963 0.56 0.04
964 0.00 -0.02
965 0.14 -0.00
966 1.12 -0.07
967 -0.28 0.02
968 -0.14 0.03
969 -0.42 0.02
970 0.42 0.04
971 0.70 0.00
972 0.14 -0.02
973 -0.42 0.08
974 -0.42 0.03
975 -0.28 -0.02
976 0.00 -0.01
977 0.14 -0.05
978 0.14 -0.00
979 0.14 -0.02
980 0.00 -0.01
981 0.42 -0.00
982 0.14 0.03
983 -0.42 0.04
984 0.84 0.00
985 -0.70 0.02
986 0.70 -0.00
987 0.14 0.03
988 0.56 -0.08
989 -0.28 -0.00
990 -0.42 0.02
991 -0.42 0.02
992 0.42 -0.02
993 -0.14 0.03
994 0.28 0.01
995 -0.28 0.02
996 0.00 -0.01
997 -0.42 0.02
998 0.28 -0.02
999 -0.14 -0.01
1000 0.00 0.01
1001 -0.28 0.04
1002 0.00 0.01
1003 0.56 -0.02
1004 0.42 -0.03
1005 0.14 -0.00
1006 -0.56 0.03
1007 0.28 -0.03
1008 -0.70 0.01
1009 0.28 0.02
1010 0.14 -0.01
1011 -0.42 0.01
1012 0.42 -0.02
1013 0.42 -0.04
1014 -0.42 0.03
1015 -0.70 0.04
1016 0.00 0.01
1017 -0.28 0.02
1018 0.00 -0.00
1019 0.00 0.04
1020 0.42 0.01
1021 -0.28 -0.00
1022 -0.28 0.04
1023 0.00 0.02
1024 -0.14 -0.01
1025 -0.28 0.01
1026 0.00 0.04
1027 0.00 0.00
1028 0.00 -0.01
1029 0.28 -0.01
1030 0.56 -0.02
1031 0.00 -0.05
1032 0.84 -0.05
1033 -0.56 0.02
1034 1.12 -0.04
1035 -0.56 0.03
1036 0.28 -0.05
1037 0.00 -0.02
1038 -0.28 -0.02
1039 0.42 -0.01
1040 0.14 -0.03
1041 -0.28 0.00
1042 0.28 -0.00
1043 -0.42 0.00
1044 -0.14 -0.02
1045 0.14 -0.01
1046 0.42 -0.01
1047 0.14 -0.00
1048 0.14 -0.03
1049 0.00 -0.04
1050 -0.56 0.00
1051 0.14 -0.03
1052 0.70 -0.06
1053 -0.14 0.00
1054 -0.42 0.00
1055 0.14 -0.02
1056 -0.42 0.02
1057 -0.14 -0.00
1058 0.28 -0.04
1059 0.00 -0.03
1060 0.42 -0.05
1061 0.00 -0.01
1062 -0.28 0.02
1063 -0.28 0.02
1064 -0.28 -0.02
1065 -0.28 0.04
1066 0.56 -0.06
1067 0.14 -0.01
1068 -0.42 -0.06
1069 0.42 -0.03
1070 0.14 -0.02
1071 -0.28 0.00
1072 -0.28 -0.01
1073 -0.28 0.02
1074 0.28 -0.03
1075 0.56 -0.04
1076 -0.84 0.06
1077 -0.70 0.10
1078 0.00 0.07
1079 0.84 -0.03
1080 -0.14 0.02
1081 -0.84 0.04
1082 -0.28 -0.00
1083 0.98 -0.00
1084 2.65 -0.12
1085 0.00 -0.04
1086 0.42 -0.06
1087 -0.42 -0.04
1088 1.26 -0.14
1089 -0.42 -0.06
1090 -0.98 0.10
1091 -0.84 0.07
1092 0.98 -0.12
1093 0.28 -0.00
1094 -1.68 0.13
1095 0.42 -0.02
1096 0.84 -0.08
1097 -0.70 0.06
1098 -0.56 -0.03
1099 -0.84 0.04
1100 -2.24 0.18
1101 1.54 -0.09
1102 2.10 -0.14
1103 1.26 -0.20
1104 0.14 -0.06
1105 1.40 -0.16
1106 -2.51 0.18
1107 2.65 -0.16
1108 -3.07 0.29
1109 4.89 -0.10
1110 0.98 -0.04
1111 -1.54 0.20
1112 -1.12 0.08
1113 -0.98 0.05
1114 2.10 0.14
1115 -0.84 0.19
1116 -1.54 0.04
1117 -3.77 0.44
1118 -1.26 -0.02
1119 2.10 0.01
1120 0.56 -0.16
1121 -1.40 -0.31
1122 2.38 -0.18
1123 -0.28 0.04
1124 -1.12 0.12
1125 0.42 -0.06
1126 -0.42 0.00
1127 0.28 -0.04
1128 -0.28 0.04
1129 -0.42 -0.04
1130 0.14 -0.05
1131 0.14 -0.02
1132 -0.42 0.02
1133 -0.70 0.06
1134 -0.42 0.03
1135 -0.42 0.04
1136 0.70 -0.03
1137 0.56 -0.00
1138 0.98 -0.04
1139 -0.56 0.02
1140 0.42 -0.02
1141 -0.28 0.04
1142 -0.28 0.01
1143 -0.28 -0.01
1144 -0.28 0.03
1145 -1.26 -0.00
1146 0.14 -0.09
1147 -0.28 0.06
1148 -0.70 -0.06
1149 -0.56 -0.02
1150 -0.42 -0.01
1151 -0.70 0.00
1152 0.00 0.03
1153 0.14 0.02
1154 -1.68 0.13
1155 0.14 -0.00
1156 -0.42 -0.02
1157 -0.28 0.02
1158 0.56 -0.10
1159 0.00 0.01
1160 -0.70 0.02
1161 0.42 -0.03
1162 -0.14 0.00
1163 -0.28 -0.02
1164 -0.28 0.03
1165 0.42 -0.02
1166 -0.42 0.01
1167 -1.26 0.10
1168 0.56 -0.01
1169 -0.42 -0.03
1170 -0.28 -0.00
1171 0.56 -0.02
1172 -0.70 0.07
1173 -0.28 0.01
1174 0.00 -0.05
1175 -0.28 -0.00
1176 0.42 -0.01
1177 -0.56 0.02
1178 0.42 -0.02
1179 -0.70 0.01
1180 -0.56 0.06
1181 0.00 -0.05
1182 0.56 -0.01
1183 0.14 0.01
1184 0.14 0.00
1185 -0.28 -0.04
1186 0.42 -0.02
1187 -0.42 0.04
1188 -0.28 -0.02
1189 -0.28 -0.00
1190 0.56 -0.05
1191 0.42 -0.02
1192 0.42 -0.02
1193 -0.14 0.03
1194 0.00 0.01
1195 0.28 -0.05
1196 0.00 -0.05
1197 -0.42 0.04
1198 0.84 -0.00
1199 -0.14 -0.03
1200 0.14 -0.03
1201 0.14 -0.06
1202 -0.42 0.04
1203 0.00 -0.03
1204 -1.54 0.09
1205 0.00 -0.02
1206 0.56 -0.05
1207 0.14 -0.02
1208 -0.28 0.04
1209 -0.14 -0.05
1210 -0.42 0.01
1211 -0.98 0.04
1212 0.14 -0.01
1213 0.14 0.01
1214 -0.28 -0.01
1215 -0.70 0.06
1216 -1.12 0.06
1217 -0.42 0.01
1218 -0.14 -0.03
1219 0.28 -0.04
1220 -0.28 0.00
1221 0.42 -0.01
1222 -0.70 0.01
1223 0.56 0.00
1224 0.42 0.03
1225 0.14 -0.03
1226 -0.84 0.04
1227 0.00 0.00
1228 -0.42 0.02
1229 -0.42 0.02
1230 -0.14 0.01
1231 -0.56 0.04
1232 0.42 -0.06
1233 0.42 -0.02
1234 0.00 0.02
1235 0.00 0.02
1236 -0.28 0.03
1237 -0.14 -0.02
1238 -0.42 -0.04
1239 -0.56 0.04
1240 0.70 -0.08
1241 -0.42 0.02
1242 0.14 0.00
1243 -0.14 -0.00
1244 -0.28 0.03
1245 0.00 -0.03
1246 0.42 -0.05
1247 0.42 -0.00
1248 0.42 -0.02
1249 0.00 0.04
1250 0.98 -0.00
1251 0.14 -0.02
1252 0.42 0.02
1253 -1.26 0.06
1254 -0.84 0.08
1255 -0.42 -0.03
1256 -0.42 0.03
1257 0.28 -0.03
1258 -0.28 0.06
1259 0.42 -0.02
1260 0.28 -0.02
1261 -0.14 0.02
1262 -0.28 0.02
1263 -0.14 0.03
1264 0.42 -0.01
1265 -0.84 -0.01
1266 -0.42 -0.01
1267 0.00 0.00
1268 0.28 -0.02
1269 0.00 -0.02
1270 0.56 -0.01
1271 -0.42 -0.03
1272 -0.84 0.04
1273 0.00 -0.01
1274 -0.28 0.02
1275 -1.12 0.07
1276 -0.14 -0.03
1277 -0.14 0.00
1278 -0.28 0.02
1279 -0.42 -0.00
1280 -0.56 -0.02
1281 -0.42 0.00
1282 0.84 -0.05
1283 0.00 0.00
1284 0.42 -0.02
1285 -0.42 0.02
1286 0.00 0.03
1287 0.28 -0.06
1288 -0.42 0.03
1289 0.14 -0.02
1290 -0.28 0.08
1291 -0.84 0.05
1292 -0.28 0.04
1293 0.14 0.02
1294 -0.56 0.00
1295 -0.14 -0.01
1296 -0.56 0.00
1297 -0.98 0.03
1298 1.26 -0.07
1299 -0.14 -0.01
1300 -0.14 -0.05
1301 0.00 0.02
1302 -0.14 -0.01
1303 -0.28 0.02
1304 0.00 -0.02
1305 0.14 -0.03
1306 -0.84 0.04
1307 0.42 -0.05
1308 -0.42 -0.01
1309 0.00 -0.03
1310 0.14 -0.00
1311 -0.28 0.00
1312 0.28 -0.00
1313 0.14 0.00
1314 0.00 0.01
1315 0.00 0.03
1316 0.00 -0.00
1317 -0.28 0.01
1318 -1.12 0.02
1319 0.00 -0.04
1320 -0.84 0.04
1321 0.42 -0.05
1322 -0.70 0.06
1323 -0.14 -0.01
1324 -0.56 0.02
1325 0.14 -0.01
1326 0.00 -0.02
1327 -0.28 0.02
1328 0.00 -0.01
1329 0.28 -0.04
1330 -0.28 0.03
1331 -0.42 0.00
1332 -0.28 0.01
1333 -0.28 0.00
1334 0.14 0.02
1335 0.28 -0.04
1336 0.14 0.01
1337 0.56 -0.02
1338 -0.42 0.01
1339 0.00 0.00
1340 -0.28 0.04
1341 -0.28 -0.02
1342 0.84 -0.07
1343 0.42 -0.04
1344 0.42 -0.06
1345 0.28 -0.05
1346 0.14 0.01
1347 -0.28 0.02
1348 0.84 -0.04
1349 -0.14 0.01
1350 0.00 -0.00
1351 0.00 0.03
1352 -0.84 0.04
1353 -0.84 0.04
1354 0.28 0.00
1355 -0.14 0.04
1356 1.12 -0.01
1357 -0.14 0.00
1358 0.28 -0.02
1359 0.28 -0.04
1360 0.00 -0.04
1361 0.70 -0.08
1362 -0.42 0.04
1363 0.42 -0.07
1364 -0.56 0.03
1365 -0.42 0.04
1366 -0.56 0.03
1367 0.42 -0.03
1368 0.56 -0.04
1369 0.00 0.04
1370 0.00 0.05
1371 0.14 0.02
1372 0.00 -0.02
1373 -0.28 0.00
1374 0.42 -0.01
1375 -0.70 0.00
1376 0.42 -0.06
1377 -0.70 0.04
1378 -0.42 0.03
1379 0.14 -0.02
1380 0.00 -0.01
1381 0.56 0.02
1382 -0.56 0.01
1383 -0.14 0.02
1384 0.00 -0.00
1385 -0.28 -0.01
1386 0.00 0.02
1387 0.00 -0.01
1388 0.56 -0.04
1389 -0.70 -0.02
1390 0.70 -0.02
1391 0.56 0.00
1392 0.42 -0.02
1393 -0.28 -0.02
1394 -0.28 -0.02
1395 -0.70 0.01
1396 -0.28 -0.02
1397 0.14 -0.02
1398 0.00 0.03
1399 -0.98 0.04
1400 -0.70 0.02
1401 -0.14 0.03
1402 -0.70 0.03
1403 0.14 -0.02
1404 -0.14 0.02
1405 0.28 0.03
1406 0.14 0.03
1407 -0.28 0.04
1408 0.42 -0.05
1409 0.00 -0.01
1410 -0.14 -0.00
1411 -0.28 0.01
1412 -0.14 0.02
1413 0.28 0.00
1414 0.56 -0.01
1415 0.56 -0.03
1416 0.42 -0.02
1417 0.00 -0.00
1418 0.14 -0.01
1419 0.00 0.02
1420 0.28 -0.02
1421 0.14 -0.02
1422 -0.28 0.02
1423 0.28 -0.05
1424 0.00 0.02
1425 0.70 0.01
1426 -0.28 -0.02
1427 -0.42 0.02
1428 0.00 0.01
1429 0.28 -0.00
1430 -0.56 -0.04
1431 0.14 -0.06
1432 -0.14 -0.02
1433 -0.42 -0.02
1434 -0.28 0.01
1435 -0.14 -0.00
1436 0.14 -0.03
1437 -0.42 0.00
1438 0.42 -0.01
1439 0.42 0.02
1440 -0.28 0.02
1441 -0.42 0.10
1442 -0.42 0.02
1443 -0.70 0.02
1444 0.56 -0.04
1445 -0.28 0.02
1446 -0.56 0.04
1447 0.56 0.04
1448 -0.42 0.04
1449 -0.14 0.00
1450 0.00 0.01
1451 0.14 -0.02
1452 0.28 -0.04
1453 0.14 -0.01
1454 0.28 0.02
1455 -0.28 0.02
1456 0.14 -0.04
1457 0.00 -0.01
1458 0.42 -0.05
1459 -0.70 0.08
1460 0.98 -0.04
1461 0.84 -0.06
1462 0.00 0.06
1463 0.70 -0.01
1464 0.14 -0.05
1465 -0.42 0.04
1466 0.14 -0.03
1467 -0.70 0.00
1468 -0.42 0.02
1469 -0.42 0.03
1470 -0.14 0.02
1471 0.00 0.02
1472 -0.28 -0.00
1473 0.00 0.05
1474 0.42 -0.00
1475 -0.42 0.05
1476 0.42 -0.04
1477 -0.42 -0.00
1478 -0.28 0.04
1479 -0.28 -0.02
1480 0.56 -0.04
1481 -0.70 0.02
1482 -0.28 -0.02
1483 0.42 0.00
1484 0.56 -0.04
1485 -0.56 0.04
1486 -0.70 0.01
1487 0.42 0.02
1488 0.70 -0.02
1489 -0.14 0.02
1490 -0.42 0.05
1491 -0.28 0.04
1492 0.00 0.02
1493 -0.28 0.04
1494 -0.28 0.02
1495 -0.28 0.07
1496 0.14 -0.05
1497 -0.42 0.04
1498 0.84 -0.06
1499 0.42 -0.05
1500 0.14 0.03
1501 -0.84 0.07
1502 -0.56 0.14
1503 0.42 -0.04
1504 -0.84 0.03
1505 -0.14 -0.00
1506 0.14 -0.00
1507 -0.70 -0.02
1508 -0.42 0.04
1509 0.42 -0.01
1510 -0.70 0.04
1511 0.98 -0.05
1512 1.26 -0.06
1513 -0.28 -0.04
1514 0.42 -0.04
1515 -0.28 0.06
1516 0.14 -0.07
1517 0.56 0.04
1518 -0.56 0.02
1519 0.00 0.03
1520 0.00 0.00
1521 0.14 -0.02
1522 0.14 -0.02
1523 -0.28 0.00
1524 -0.28 0.00
1525 -0.28 -0.01
1526 0.56 0.01
1527 -0.28 0.00
1528 -0.84 -0.00
1529 0.84 -0.05
1530 0.00 -0.03
1531 0.00 0.01
1532 -0.56 -0.01
1533 0.00 0.01
1534 0.14 0.01
1535 -0.70 0.04
1536 -0.28 0.02
1537 -0.28 0.00
1538 0.14 -0.04
1539 -0.14 0.00
1540 0.84 -0.02
1541 -0.70 0.06
1542 0.14 -0.01
1543 -0.28 -0.00
1544 0.84 -0.09
1545 -0.28 0.10
1546 -0.56 0.06
1547 1.12 -0.09
1548 0.14 -0.00
1549 0.56 -0.04
1550 -0.14 -0.02
1551 0.28 -0.08
1552 0.42 -0.00
1553 0.42 -0.02
1554 -0.56 0.02
1555 0.14 -0.01
1556 -0.84 0.00
1557 -0.42 0.00
1558 0.14 0.02
1559 0.14 0.01
1560 -0.84 0.04
1561 -0.42 0.00
1562 -0.84 0.04
1563 0.00 0.01
1564 -0.28 0.02
1565 0.84 -0.04
1566 0.00 -0.04
1567 -0.42 0.00
1568 0.70 -0.04
1569 0.00 -0.01
1570 -0.42 0.02
1571 -0.28 0.02
1572 -0.70 0.00
1573 -1.12 0.02
1574 0.42 -0.07
1575 -0.14 0.00
1576 -0.42 0.00
1577 -0.84 -0.02
1578 -0.28 0.00
1579 0.00 -0.00
1580 -0.70 0.04
1581 -0.14 0.02
1582 -0.70 0.00
1583 0.00 0.08
1584 -0.14 0.03
1585 0.00 -0.02
1586 -0.56 0.04
1587 -0.84 0.05
1588 -0.84 0.03
1589 -0.56 -0.00
1590 0.28 -0.02
1591 0.00 -0.03
1592 -0.28 0.03
1593 -0.28 0.02
1594 -0.42 0.01
1595 0.28 0.02
1596 0.00 0.01
1597 -0.56 -0.01
1598 0.98 -0.17
1599 1.68 -0.17
1600 -0.84 0.04
1601 0.42 0.05
1602 -0.42 0.01
1603 -0.84 -0.01
1604 -0.14 0.03
1605 -0.56 0.02
1606 0.42 0.02
1607 0.70 -0.02
1608 0.14 -0.01
1609 0.14 -0.02
1610 -0.42 0.00
1611 1.40 -0.13
1612 0.28 -0.04
1613 0.14 0.03
1614 -0.42 0.02
1615 -0.14 0.02
1616 0.14 0.02
1617 0.00 0.12
1618 0.56 -0.02
1619 0.00 -0.01
1620 0.00 0.02
1621 0.14 0.04
1622 -0.28 0.00
1623 0.14 0.01
1624 -0.56 0.02
1625 0.14 -0.02
1626 1.40 -0.04
1627 -1.26 0.13
1628 0.70 -0.06
1629 1.40 0.01
1630 0.14 -0.02
1631 -0.84 0.03
1632 0.14 -0.02
1633 -0.28 -0.02
1634 -0.14 0.01
1635 -0.56 0.04
1636 0.84 -0.06
1637 -0.14 -0.03
1638 0.00 -0.02
1639 -0.28 -0.00
1640 -0.56 0.08
1641 -0.42 0.02
1642 0.00 0.02
1643 -0.42 0.02
1644 -0.42 0.02
1645 0.56 -0.02
1646 -0.14 -0.00
1647 0.28 -0.02
1648 -0.42 0.00
1649 -0.42 -0.00
1650 -0.84 0.02
1651 0.14 -0.02
1652 -0.56 0.03
1653 -0.70 0.01
1654 0.28 -0.03
1655 0.14 -0.02
1656 -0.28 0.02
1657 -0.28 -0.01
1658 0.28 -0.05
1659 0.14 -0.01
1660 -0.28 0.01
1661 -0.28 0.03
1662 -0.56 0.03
1663 -0.56 0.02
1664 0.28 -0.02
1665 0.00 -0.02
1666 0.00 -0.00
1667 -0.14 0.04
1668 0.00 0.04
1669 0.28 -0.01
1670 -0.42 0.02
1671 0.28 -0.04
1672 -0.42 0.04
1673 -0.28 -0.02
1674 -0.28 -0.03
1675 0.14 -0.02
1676 0.00 0.02
1677 0.00 0.00
1678 0.70 -0.03
1679 0.00 -0.01
1680 0.14 0.05
1681 -0.28 0.06
1682 0.00 0.02
1683 0.00 0.01
1684 0.14 -0.00
1685 0.14 -0.00
1686 -2.10 0.34
1687 2.24 -0.14
1688 0.00 -0.00
1689 -3.07 -0.27
1690 -3.49 -0.00
1691 -1.54 0.11
1692 -0.14 0.02
1693 -1.12 0.14
1694 0.84 -0.15
1695 0.14 -0.14
1696 0.84 -0.05
1697 -1.12 -0.06
1698 -0.14 0.12
1699 -4.05 0.31
1700 -0.42 -0.04
1701 1.82 -0.26
1702 0.00 -0.29
1703 -0.98 0.22
1704 18.02 -0.90
1705 1.40 -0.03
1706 -4.19 0.17
1707 0.84 -0.27
1708 -5.73 0.06
1709 -0.42 0.01
1710 -0.42 -0.06
1711 -0.70 -0.09
1712 -1.68 0.15
1713 -6.01 0.26
1714 1.68 -0.18
1715 -3.63 0.18
1716 1.54 0.10
1717 -1.82 0.18
1718 0.14 0.06
1719 0.42 -0.09
1720 -0.28 -0.01
1721 -0.56 0.02
1722 -0.28 -0.02
1723 -0.28 0.00
1724 0.14 -0.02
1725 0.56 -0.04
1726 0.56 -0.03
1727 -0.70 0.05
1728 0.00 0.00
1729 -0.56 0.02
1730 0.00 -0.00
1731 0.14 -0.01
1732 0.42 -0.04
1733 0.42 0.01
1734 0.28 -0.00
1735 1.82 -0.20
1736 12.15 0.22
1737 -8.24 0.13
1738 5.59 -0.38
1739 -3.07 0.21
1740 -0.42 0.06
1741 0.00 0.02
1742 0.00 -0.02
1743 -0.28 0.03
1744 1.26 -0.08
1745 0.14 0.00
1746 0.56 -0.05
1747 -0.28 -0.02
1748 0.70 -0.04
1749 0.00 0.00
1750 0.00 0.02
1751 -1.96 0.56
1752 10.06 0.88
1753 2.24 0.15
1754 0.14 0.01
1755 -0.14 -0.18
1756 -0.28 -0.08
1757 -0.70 -0.08
1758 0.42 0.02
1759 -6.57 0.33
1760 2.79 -0.39
1761 1.68 -0.13
1762 0.28 -0.04
1763 0.28 -0.02
1764 -0.28 0.02
1765 -0.70 0.02
1766 0.56 -0.01
1767 0.14 0.00
1768 -0.42 0.02
1769 0.00 0.02
1770 0.14 -0.02
1771 -0.14 0.03
1772 0.14 -0.04
1773 0.56 -0.02
1774 0.14 -0.03
1775 0.14 -0.02
1776 -0.28 0.01
1777 0.14 0.00
1778 0.00 0.02
1779 -0.56 0.01
1780 -0.14 0.02
1781 -0.28 0.01
1782 -0.56 0.03
1783 -0.28 -0.02
1784 0.28 0.02
1785 -0.14 0.01
1786 -0.42 0.01
1787 0.42 -0.04
1788 0.00 -0.03
1789 0.56 -0.04
1790 -0.28 0.04
1791 0.56 -0.03
1792 -0.42 0.02
1793 -0.42 0.02
1794 -0.70 0.10
1795 0.00 0.02
1796 0.00 0.02
1797 0.14 -0.04
1798 0.28 -0.01
1799 -0.42 0.01
1800 0.28 -0.00
1801 -0.28 0.03
1802 0.56 0.01
1803 0.42 -0.03
1804 0.14 -0.06
1805 0.14 0.00
1806 -0.14 0.00
1807 0.14 -0.00
1808 0.14 0.04
1809 -0.42 0.01
1810 -0.84 0.05
1811 -0.28 0.02
1812 -0.42 0.03
1813 0.00 0.02
1814 -0.28 0.02
1815 0.42 0.01
1816 -0.14 0.03
1817 0.70 -0.01
1818 0.00 -0.03
1819 0.00 -0.01
1820 0.14 -0.04
1821 0.14 -0.04
1822 0.56 -0.02
1823 0.56 -0.03
1824 0.28 -0.02
1825 -0.28 -0.01
1826 -0.84 0.05
1827 0.00 -0.02
1828 0.00 0.01
1829 -0.14 0.02
1830 0.42 0.00
1831 0.14 0.01
1832 -0.14 0.03
1833 0.28 -0.05
1834 0.42 0.01
1835 -0.28 0.00
1836 -0.42 0.04
1837 0.00 -0.00
1838 -0.14 -0.04
1839 -0.14 -0.03
1840 -0.14 0.02
1841 0.14 0.05
1842 -0.28 0.01
1843 0.28 -0.02
1844 0.00 -0.00
1845 0.56 -0.02
1846 -0.84 0.02
1847 -1.12 0.04
1848 0.14 0.00
1849 -0.70 0.04
1850 -0.14 0.02
1851 1.12 -0.03
1852 0.14 0.01
1853 -0.14 0.06
1854 0.28 0.00
1855 0.00 -0.02
1856 -0.28 -0.01
1857 -0.14 -0.02
1858 -0.84 0.03
1859 0.14 -0.04
1860 0.98 -0.05
1861 -0.14 0.03
1862 0.14 -0.01
1863 -1.68 -0.00
1864 0.28 0.01
1865 -0.42 0.04
1866 0.14 0.03
1867 -0.70 0.02
1868 0.42 -0.03
1869 -0.56 0.03
1870 0.14 -0.04
1871 0.14 -0.05
1872 0.84 -0.02
1873 0.42 -0.06
1874 0.00 -0.05
1875 -1.12 0.02
1876 0.98 -0.03
1877 0.00 0.04
1878 -0.56 0.01
1879 0.28 -0.04
1880 0.56 -0.02
1881 0.42 -0.02
1882 0.14 0.02
1883 -0.42 0.03
1884 0.42 -0.06
1885 0.00 0.00
1886 0.14 -0.01
1887 -0.14 0.00
1888 -0.14 0.01
1889 -0.14 -0.00
1890 -0.56 0.01
1891 0.14 -0.02
1892 0.00 -0.01
1893 0.00 -0.05
1894 0.56 -0.06
1895 0.00 -0.04
1896 0.70 -0.07
1897 0.28 -0.04
1898 -0.28 0.04
1899 0.42 -0.03
1900 0.00 -0.02
1901 -0.56 0.06
1902 -0.28 0.06
1903 -0.70 0.04
1904 0.00 0.02
1905 -0.14 0.03
1906 -0.84 0.02
1907 -0.14 0.01
1908 -0.70 0.01
1909 0.00 0.04
1910 0.00 0.01
1911 0.56 -0.03
1912 -0.84 0.02
1913 0.28 -0.01
1914 -0.28 -0.04
1915 -0.56 -0.00
1916 0.42 -0.02
1917 -0.42 0.04
1918 0.00 -0.02
1919 0.14 -0.02
1920 -0.28 0.01
1921 0.14 -0.05
1922 -0.14 0.02
1923 -0.14 0.02
1924 0.28 -0.03
1925 0.14 -0.01
1926 -0.84 0.07
1927 0.00 0.00
1928 -0.70 0.01
1929 0.28 0.00
1930 -0.28 -0.02
1931 0.14 -0.01
1932 0.14 -0.02
1933 -0.70 0.04
1934 0.00 -0.01
1935 -0.28 0.00
1936 0.28 -0.02
1937 0.28 -0.07
1938 -0.70 0.02
1939 0.14 -0.03
1940 0.00 0.03
1941 0.00 -0.06
1942 0.14 -0.02
1943 0.14 0.01
1944 -0.42 0.03
1945 -0.42 0.06
1946 0.42 -0.04
1947 -0.70 -0.00
1948 -0.14 0.03
1949 -0.70 0.02
1950 0.00 0.00
1951 -0.14 0.00
1952 -0.14 -0.01
1953 -0.42 0.02
1954 -0.28 0.00
1955 0.14 -0.00
1956 0.28 0.02
1957 0.00 -0.03
1958 -0.42 0.01
1959 0.14 -0.01
1960 -0.14 -0.04
1961 -0.84 0.06
1962 0.70 -0.08
1963 0.00 -0.02
1964 -0.42 0.02
1965 -0.98 0.02
1966 0.42 0.00
1967 0.00 -0.01
1968 -0.14 0.01
1969 -0.28 0.02
1970 0.14 -0.02
1971 -0.28 -0.00
1972 0.14 -0.01
1973 -0.28 0.02
1974 0.14 0.02
1975 0.14 0.01
1976 0.42 0.02
1977 -0.14 -0.00
1978 -0.14 0.01
1979 0.56 0.00
1980 0.42 -0.02
1981 -0.56 0.02
1982 0.14 -0.05
1983 0.00 0.00
1984 0.00 -0.01
1985 0.56 -0.05
1986 -0.14 0.04
1987 -0.42 0.03
1988 0.00 0.00
1989 -0.70 0.00
1990 -0.28 -0.01
1991 0.00 -0.03
1992 -0.14 -0.02
1993 -0.14 0.04
1994 0.28 -0.06
1995 0.00 -0.02
1996 -0.14 -0.06
1997 0.42 -0.05
1998 -0.14 -0.02
1999 -0.56 0.01
2000 0.56 -0.02
2001 0.00 0.02
2002 0.00 0.00
2003 0.42 -0.05
2004 -0.42 0.02
2005 0.28 -0.00
2006 0.98 -0.01
2007 0.28 0.04
2008 0.14 -0.00
2009 0.00 0.02
2010 -0.14 0.02
2011 0.14 -0.03
2012 0.28 0.05
2013 0.00 0.01
2014 0.70 -0.03
2015 0.14 -0.03
2016 0.28 -0.04
2017 -0.28 0.01
2018 0.00 -0.02
2019 0.14 -0.03
2020 -0.14 0.02
2021 -0.42 0.02
2022 -0.70 0.07
2023 0.56 -0.06
2024 0.42 -0.08
2025 0.14 -0.01
2026 -0.42 0.05
2027 0.98 -0.06
2028 -0.70 0.05
2029 0.00 0.04
2030 0.00 -0.01
2031 -0.56 -0.01
2032 -0.28 -0.09
2033 -0.28 0.02
2034 0.28 -0.03
2035 -0.42 0.02
2036 -0.42 0.03
2037 0.14 0.02
2038 -0.70 0.04
2039 0.56 -0.03
2040 0.42 0.01
2041 -0.42 -0.02
2042 0.56 -0.04
2043 -0.14 -0.02
2044 0.14 -0.03
2045 -0.42 -0.01
2046 0.00 0.02
2047 -0.56 0.02
2048 -0.28 -0.01
2049 0.70 -0.05
2050 -1.26 -0.02
2051 0.42 -0.04
2052 0.56 -0.03
2053 0.14 -0.04
2054 -0.42 0.04
2055 -0.14 -0.04
2056 -0.84 0.06
2057 -0.14 -0.01
2058 0.42 -0.03
2059 0.14 -0.02
2060 -0.14 0.02
2061 0.00 0.01
2062 -0.42 0.03
2063 0.56 -0.00
2064 -0.14 0.00
2065 -0.42 0.04
2066 0.56 0.04
2067 -0.56 -0.02
2068 0.56 -0.05
2069 -0.42 0.04
2070 -0.84 0.06
2071 -0.28 0.01
2072 0.14 -0.04
2073 -0.14 -0.02
2074 0.00 0.02
2075 -0.56 0.02
2076 -0.28 0.02
2077 0.14 0.02
2078 -1.26 0.05
2079 0.00 -0.00
2080 -0.14 0.00
2081 -0.28 0.02
2082 0.56 -0.02
2083 0.00 0.01
2084 -0.28 0.02
2085 0.56 -0.02
2086 -1.54 0.04
2087 -0.42 0.03
2088 -0.28 -0.02
2089 -0.14 -0.02
2090 0.42 -0.04
2091 -0.14 0.01
2092 -0.28 0.02
2093 -0.56 0.06
2094 -0.42 0.02
2095 -0.14 -0.00
2096 -0.42 -0.02
2097 -0.14 0.00
2098 0.14 -0.02
2099 -0.42 0.01
2100 -0.14 0.01
2101 0.42 -0.04
2102 -0.28 0.02
2103 -0.28 0.00
2104 -0.70 0.03
2105 -0.28 0.01
2106 -0.56 0.01
2107 -0.42 0.02
2108 0.28 0.01
2109 -0.42 0.00
2110 0.56 -0.06
2111 0.00 0.00
2112 -0.70 0.10
2113 -0.28 0.00
2114 0.00 0.01
2115 0.14 0.01
2116 0.00 -0.04
2117 14.53 -0.54
2118 -0.70 0.10
2119 -2.51 0.20
2120 -3.63 0.32
2121 3.21 -0.14
2122 0.70 0.00
2123 2.51 -0.08
2124 4.75 -0.80
2125 6.71 -0.54
2126 -0.42 -0.04
2127 0.98 -0.11
2128 -0.42 0.06
2129 1.12 -0.08
2130 0.70 -0.03
2131 0.42 -0.05
2132 -0.42 0.02
2133 -0.70 -0.01
2134 0.98 -0.06
2135 -0.56 0.04
2136 -0.14 -0.03
2137 -0.70 0.06
2138 0.28 0.02
2139 -0.42 0.00
2140 0.00 0.00
2141 -0.84 0.04
2142 -0.28 0.08
2143 0.14 -0.02
2144 0.28 -0.01
2145 0.00 -0.01
2146 -0.42 0.03
2147 0.14 -0.02
2148 0.98 -0.09
2149 -1.26 0.09
2150 -0.14 0.04
2151 -0.14 0.05
2152 -0.98 0.06
2153 0.14 -0.01
2154 -0.14 -0.02
2155 -0.84 0.03
2156 -0.42 0.02
2157 0.56 -0.05
2158 0.84 -0.09
2159 0.28 0.03
2160 0.14 -0.00
2161 -0.70 0.03
2162 0.14 -0.03
2163 -0.14 -0.04
2164 0.42 -0.00
2165 0.14 -0.01
2166 0.98 -0.04
2167 0.00 0.00
2168 0.28 -0.01
2169 -0.28 0.05
2170 -0.42 0.02
2171 -0.70 0.02
2172 -0.70 0.02
2173 0.14 -0.01
2174 -0.14 -0.04
2175 -0.42 0.06
2176 0.14 0.02
2177 -1.26 0.06
2178 0.14 0.00
2179 -0.14 0.00
2180 -0.84 0.04
2181 0.00 0.00
2182 -0.42 0.00
2183 -0.28 0.02
2184 -0.70 -0.03
2185 0.00 0.03
2186 0.00 0.02
2187 0.56 -0.06
2188 0.56 -0.04
2189 -0.56 0.03
2190 0.14 -0.01
2191 -0.14 -0.02
2192 0.28 -0.02
2193 0.28 -0.04
2194 0.00 0.00
